  0.25  195.014359
  0.5  205.627823
  0.75  215.247787
  1.  224.783569
  1.25  234.406418
  1.5  242.394928
  1.75  246.963257
  2.  247.676025
  2.25  245.544037
  2.5  242.425705
  2.75  239.723831
  3.  237.683838
  3.25  235.659866
  3.5  232.870895
  3.75  230.046341
  4.  227.822113
  4.25  225.407211
  4.5  223.657288
  4.75  223.475845
  5.  225.231613
  5.25  227.858719
  5.5  228.968109
  5.75  229.850952
  6.  233.96727
  6.25  240.761383
  6.5  242.879227
  6.75  243.197418
  7.  243.742065
  7.25  248.098419
  7.5  254.222397
  7.75  255.289154
  8.  255.372833
  8.25  255.389343
  8.5  255.633942
  8.75  258.475006
  9.  261.144012
  9.25  261.358398
  9.5  261.367676
  9.75  261.368103
  10.  261.369202
  10.25  261.418365
  10.5  262.480743
  10.75  263.448242
  11.  263.488892
  11.25  263.489807
  11.5  263.489807
  11.75  263.489807
  12.  263.489777
  12.25  263.488495
  12.5  263.381592
  12.75  262.83139
  13.  262.795135
  13.25  262.794739
  13.5  262.794739
  13.75  262.794739
  14.  262.794739
  14.25  262.794739
  14.5  262.794739
  14.75  262.792786
  15.  262.355713
  15.25  257.588837
  15.5  257.345825
  15.75  257.344788
  16.  257.344757
  16.25  257.344757
  16.5  257.344757
  16.75  257.344757
  17.  257.344757
  17.25  257.344757
  17.5  257.344757
  17.75  257.344269
  18.  257.018311
  18.25  246.629059
  18.5  246.141022
  18.75  246.14032
  19.  246.14032
  19.25  246.140305
  19.5  246.14032
  19.75  246.14032
  20.  246.14032
  20.25  246.14032
  20.5  246.14032
  20.75  246.14032
  21.  246.140305
  21.25  246.14032
  21.5  246.137726
  21.75  242.045624
  22.  236.515457
  22.25  236.510696
  22.5  236.510696
  22.75  236.510696
  23.  236.510696
  23.25  236.510696
  23.5  236.510696
  23.75  236.510696
  24.  236.510681
  24.25  236.510696
  24.5  236.510696
  24.75  236.510696
  25.  236.510696
  25.25  236.510696
  25.5  236.510696
  25.75  236.510696
  26.  236.450943
  26.25  232.356735
  26.5  232.33522
  26.75  232.33522
  27.  232.33522
  27.25  232.335205
  27.5  232.33522
  27.75  232.33522
  28.  232.33522
  28.25  232.33522
  28.5  232.33522
  28.75  232.335205
  29.  232.335205
  29.25  232.33522
  29.5  232.33522
  29.75  232.33522
  30.  232.335205
  30.25  232.33522
  30.5  232.33522
  30.75  232.33522
  31.  232.33522
  31.25  232.360962
  31.5  233.529083
  31.75  233.529694
  32.  233.529694
  32.25  233.529694
  32.5  233.529694
  32.75  233.529709
  33.  233.529694
  33.25  233.529694
  33.5  233.529694
  33.75  233.529694
  34.  233.529694
  34.25  233.529694
  34.5  233.529694
  34.75  233.529709
  35.  233.529678
  35.25  233.529694
  35.5  233.529694
  35.75  233.529694
  36.  233.529694
  36.25  233.529694
  36.5  233.529694
  36.75  233.529694
  37.  233.529678
  37.25  233.529694
  37.5  233.517044
  37.75  230.444931
  38.  230.444046
  38.25  230.444061
  38.5  230.444061
  38.75  230.444077
  39.  230.444061
  39.25  230.444061
  39.5  230.444061
  39.75  230.444061
  40.  230.444061
  40.25  230.444077
  40.5  230.444046
  40.75  230.444061
  41.  230.444061
  41.25  230.444046
  41.5  230.444077
  41.75  230.444061
  42.  230.444046
  42.25  230.444077
  42.5  230.444061
  42.75  230.444077
  43.  230.444061
  43.25  230.444061
  43.5  230.444077
  43.75  230.444061
  44.  230.444061
  44.25  230.444061
  44.5  230.444061
  44.75  230.444077
  45.  230.446472
  45.25  237.067596
  45.5  237.068939
  45.75  237.068924
  46.  237.068939
  46.25  237.068939
  46.5  237.068939
  46.75  237.068939
  47.  237.068924
  47.25  237.068954
  47.5  237.068939
  47.75  237.068939
  48.  237.068924
  48.25  237.068939
  48.5  237.068939
  48.75  237.068939
  49.  237.068939
  49.25  237.068939
  49.5  237.068939
  49.75  237.068939
  50.  237.068924
  50.25  237.068939
  50.5  237.068939
  50.75  237.068939
  51.  237.068954
  51.25  237.068924
  51.5  237.068939
  51.75  237.068939
  52.  237.068939
  52.25  237.068939
  52.5  237.068939
  52.75  237.068939
  53.  237.068939
  53.25  237.068939
  53.5  237.068924
  53.75  237.068939
  54.  237.069092
  54.25  249.439804
  54.5  249.442963
  54.75  249.442947
  55.  249.442963
  55.25  249.442963
  55.5  249.442963
  55.75  249.442978
  56.  249.442978
  56.25  249.442963
  56.5  249.442963
  56.75  249.442963
  57.  249.442963
  57.25  249.442963
  57.5  249.442963
  57.75  249.442963
  58.  249.442978
  58.25  249.442978
  58.5  249.442963
  58.75  249.442963
  59.  249.442963
  59.25  249.442963
  59.5  249.442963
  59.75  249.442963
  60.  249.442963
  60.25  249.442963
  60.5  249.442963
  60.75  249.442978
  61.  249.442963
  61.25  249.442963
  61.5  249.442963
  61.75  249.442963
  62.  249.442963
  62.25  249.442963
  62.5  249.442963
  62.75  249.442963
  63.  249.442963
  63.25  249.442963
  63.5  249.442978
  63.75  249.442978
  64.  249.443268
  66.  218.488708
  66.25  218.4888
  66.5  218.48877
  66.75  218.488785
  67.  218.488785
  67.25  218.488785
  67.5  218.488785
  67.75  218.48877
  68.  218.488785
  68.25  218.488785
  68.5  218.48877
  68.75  218.488785
  69.  218.488785
  69.25  218.488785
  69.5  218.488785
  69.75  218.48877
  70.  218.488785
  70.25  218.488785
  70.5  218.488785
  70.75  218.488785
  71.  218.488785
  71.25  218.488785
  71.5  218.488785
  71.75  218.488785
  72.  218.488785
  72.25  218.488785
  72.5  218.488785
  72.75  218.488785
  73.  218.488785
  73.25  218.488785
  73.5  218.488785
  73.75  218.488785
  74.  218.488785
  74.25  218.488785
  74.5  218.488785
  74.75  218.4888
  75.  218.488785
  75.25  218.488785
  75.5  218.4888
  75.75  218.488785
  80.  206.666672
  80.25  206.602509
  80.5  206.602509
  80.75  206.602509
  81.  206.602509
  81.25  206.602493
  81.5  206.602509
  81.75  206.602509
  82.  206.602509
  82.25  206.602509
  82.5  206.602509
  82.75  206.602509
  83.  206.602509
  83.25  206.602509
  83.5  206.602509
  83.75  206.602509
  84.  206.602509
  84.25  206.602509
  84.5  206.602509
  84.75  206.602509
  85.  206.602509
  85.25  206.602524
  85.5  206.602509
  85.75  206.602509
  86.  206.602509
  86.25  206.602509
  86.5  206.602509
  86.75  206.602493
  87.  206.602509
  87.25  206.602509
  87.5  206.602509
  87.75  206.602509
  88.  206.602509
  88.25  206.602509
  88.5  206.602509
  88.75  206.602509
  89.  206.602509
  89.25  206.602493
  89.5  206.602509
  89.75  206.602509
  90.  206.604004
  97.  213.
  97.25  213.002167
  97.5  213.002151
  97.75  213.002167
  98.  213.002151
  98.25  213.002151
  98.5  213.002151
  98.75  213.002151
  99.  213.002151
  99.25  213.002151
  99.5  213.002151
  99.75  213.002151
  100.  213.002151
  100.25  213.002151
  100.5  213.002151
  100.75  213.002151
  101.  213.002151
  101.25  213.002151
  101.5  213.002151
  101.75  213.002167
  102.  213.002151
  102.25  213.002151
  102.5  213.002151
  102.75  213.002151
  103.  213.002151
  103.25  213.002136
  103.5  213.002151
  103.75  213.002151
  104.  213.002151
  104.25  213.002151
  104.5  213.002167
  104.75  213.002151
  105.  213.002151
  105.25  213.002151
  105.5  213.002151
  105.75  213.002151
  106.  213.002151
  106.25  213.002151
  106.5  213.002151
  106.75  213.002167
  107.  213.002563
  117.5  197.375
  117.75  197.382965
  118.  197.382965
  118.25  197.382965
  118.5  197.382965
  118.75  197.38295
  119.  197.382965
  119.25  197.382965
  119.5  197.382965
  119.75  197.382965
  120.  197.382965
  120.25  197.382965
  120.5  197.382965
  120.75  197.382965
  121.  197.382965
  121.25  197.382965
  121.5  197.38295
  121.75  197.382965
  122.  197.382965
  122.25  197.38298
  122.5  197.382965
  122.75  197.382965
  123.  197.38295
  123.25  197.382965
  123.5  197.382965
  123.75  197.38295
  124.  197.382965
  124.25  197.382965
  124.5  197.38298
  124.75  197.382965
  125.  197.382965
  439.122223  172.713348
  439.372223  172.713348
  439.622223  172.713348
  439.872223  172.713348
  440.122223  172.713348
  440.372223  172.713348
  440.622223  172.713348
  440.872223  172.713348
  441.122223  172.713348
  441.372223  172.713348
  441.622223  172.713348
  441.872223  172.713348
  442.122223  172.713348
  442.372223  172.713348
  442.622223  172.713348
  442.872223  172.713348
  443.122223  172.713348
  443.372223  172.713348
  443.622223  172.713348
  443.872223  172.713348
  444.122223  172.713348
  444.372223  172.713348
  444.622223  172.713348
  444.872223  172.713348
  445.122223  172.713348
  445.372223  172.713348
  445.622223  172.713348
  445.872223  172.713348
  446.122223  172.713348
  446.372223  172.713348
  446.622223  172.713348
  446.872223  172.713348
  447.122223  172.713348
  447.372223  172.713348
  447.622223  172.713348
  447.872223  172.713348
  448.122223  172.713348
  448.372223  172.713348
  448.622223  172.713348
  448.872223  172.713348
  449.122223  172.713348
  449.372223  172.713348
  449.622223  172.713348
  449.872223  172.713348
  450.122223  172.713348
  450.372223  172.713348
  450.622223  172.713348
  450.872223  172.713348
  451.122223  172.713348
  451.372223  172.713348
  451.622223  172.713348
  451.872223  172.713348
  452.122223  172.713348
  452.372223  172.713348
  452.622223  172.713348
  452.872223  172.713348
  453.122223  172.713348
  453.372223  172.713348
  453.622223  172.713348
  453.872223  172.713348
  454.122223  172.713348
  454.372223  172.713348
  454.622223  172.713348
  454.872223  172.713348
  455.122223  172.713348
  455.372223  172.713348
  455.622223  172.713348
  455.872223  172.713348
  456.122223  172.713348
  456.372223  172.713348
  456.622223  172.713348
  456.872223  172.713348
  457.122223  172.713348
  457.372223  172.713348
  457.622223  172.713348
  457.872223  172.713348
  458.122223  172.713348
  458.372223  172.713348
  458.622223  172.713348
  458.872223  172.713348
