 1097 0 0 0 0 0 0 0
   0.2500E+00  0.1723E+05  0.1469E+05  0.2656E+05  0.8528E+00  0.1542E+01  0.2370E+03  0.4448E-01
   0.5000E+00  0.1568E+05  0.8861E+04  0.1540E+05  0.5651E+00  0.9820E+00  0.2878E+03  0.8897E-01
   0.7500E+00  0.1343E+05  0.6144E+04  0.9634E+04  0.4574E+00  0.7173E+00  0.3247E+03  0.1335E+00
   0.1000E+01  0.1050E+05  0.4359E+04  0.6210E+04  0.4153E+00  0.5916E+00  0.3446E+03  0.1779E+00
   0.1250E+01  0.7456E+04  0.3162E+04  0.4146E+04  0.4240E+00  0.5561E+00  0.3520E+03  0.2224E+00
   0.1500E+01  0.5022E+04  0.2358E+04  0.2906E+04  0.4696E+00  0.5787E+00  0.3513E+03  0.2669E+00
   0.1750E+01  0.3392E+04  0.1819E+04  0.2176E+04  0.5362E+00  0.6414E+00  0.3457E+03  0.3114E+00
   0.2000E+01  0.2391E+04  0.1453E+04  0.1720E+04  0.6075E+00  0.7191E+00  0.3377E+03  0.3559E+00
   0.2250E+01  0.1785E+04  0.1199E+04  0.1432E+04  0.6717E+00  0.8019E+00  0.3285E+03  0.4004E+00
   0.2500E+01  0.1403E+04  0.1022E+04  0.1263E+04  0.7290E+00  0.9006E+00  0.3184E+03  0.4448E+00
   0.2750E+01  0.1144E+04  0.9020E+03  0.1187E+04  0.7886E+00  0.1038E+01  0.3079E+03  0.4893E+00
   0.3000E+01  0.9564E+03  0.8235E+03  0.1174E+04  0.8610E+00  0.1227E+01  0.2977E+03  0.5338E+00
   0.3250E+01  0.8142E+03  0.7746E+03  0.1191E+04  0.9513E+00  0.1463E+01  0.2887E+03  0.5783E+00
   0.3500E+01  0.7036E+03  0.7448E+03  0.1218E+04  0.1059E+01  0.1732E+01  0.2814E+03  0.6228E+00
   0.3750E+01  0.6165E+03  0.7271E+03  0.1248E+04  0.1179E+01  0.2024E+01  0.2759E+03  0.6673E+00
   0.4000E+01  0.5467E+03  0.7166E+03  0.1274E+04  0.1311E+01  0.2331E+01  0.2724E+03  0.7117E+00
   0.4250E+01  0.4895E+03  0.7096E+03  0.1288E+04  0.1450E+01  0.2632E+01  0.2711E+03  0.7562E+00
   0.4500E+01  0.4417E+03  0.7026E+03  0.1283E+04  0.1591E+01  0.2904E+01  0.2719E+03  0.8007E+00
   0.4750E+01  0.4017E+03  0.6933E+03  0.1257E+04  0.1726E+01  0.3129E+01  0.2744E+03  0.8452E+00
   0.5000E+01  0.3683E+03  0.6808E+03  0.1217E+04  0.1849E+01  0.3305E+01  0.2780E+03  0.8897E+00
   0.5250E+01  0.3405E+03  0.6653E+03  0.1168E+04  0.1954E+01  0.3431E+01  0.2824E+03  0.9342E+00
   0.5500E+01  0.3171E+03  0.6471E+03  0.1110E+04  0.2041E+01  0.3499E+01  0.2874E+03  0.9786E+00
   0.5750E+01  0.2969E+03  0.6258E+03  0.1040E+04  0.2107E+01  0.3503E+01  0.2926E+03  0.1023E+01
   0.6000E+01  0.2789E+03  0.6014E+03  0.9605E+03  0.2156E+01  0.3444E+01  0.2978E+03  0.1068E+01
   0.6250E+01  0.2625E+03  0.5744E+03  0.8773E+03  0.2188E+01  0.3342E+01  0.3025E+03  0.1112E+01
   0.6500E+01  0.2477E+03  0.5461E+03  0.7981E+03  0.2205E+01  0.3222E+01  0.3063E+03  0.1157E+01
   0.6750E+01  0.2345E+03  0.5179E+03  0.7291E+03  0.2209E+01  0.3109E+01  0.3091E+03  0.1201E+01
   0.7000E+01  0.2220E+03  0.4912E+03  0.6730E+03  0.2212E+01  0.3031E+01  0.3110E+03  0.1246E+01
   0.7250E+01  0.2090E+03  0.4666E+03  0.6283E+03  0.2233E+01  0.3007E+01  0.3122E+03  0.1290E+01
   0.7500E+01  0.1943E+03  0.4443E+03  0.5919E+03  0.2286E+01  0.3046E+01  0.3130E+03  0.1335E+01
   0.7750E+01  0.1784E+03  0.4241E+03  0.5602E+03  0.2377E+01  0.3140E+01  0.3136E+03  0.1379E+01
   0.8000E+01  0.1623E+03  0.4055E+03  0.5314E+03  0.2499E+01  0.3275E+01  0.3140E+03  0.1423E+01
   0.8250E+01  0.1468E+03  0.3884E+03  0.5055E+03  0.2646E+01  0.3444E+01  0.3144E+03  0.1468E+01
   0.8500E+01  0.1324E+03  0.3725E+03  0.4809E+03  0.2813E+01  0.3632E+01  0.3147E+03  0.1512E+01
   0.8750E+01  0.1196E+03  0.3574E+03  0.4552E+03  0.2989E+01  0.3807E+01  0.3151E+03  0.1557E+01
   0.9000E+01  0.1084E+03  0.3429E+03  0.4293E+03  0.3162E+01  0.3959E+01  0.3154E+03  0.1601E+01
   0.9250E+01  0.9900E+02  0.3289E+03  0.4052E+03  0.3323E+01  0.4093E+01  0.3155E+03  0.1646E+01
   0.9500E+01  0.9121E+02  0.3157E+03  0.3827E+03  0.3461E+01  0.4196E+01  0.3156E+03  0.1690E+01
   0.9750E+01  0.8486E+02  0.3030E+03  0.3602E+03  0.3570E+01  0.4245E+01  0.3156E+03  0.1735E+01
   0.1000E+02  0.7979E+02  0.2907E+03  0.3373E+03  0.3643E+01  0.4227E+01  0.3154E+03  0.1779E+01
   0.1025E+02  0.7576E+02  0.2788E+03  0.3159E+03  0.3680E+01  0.4170E+01  0.3150E+03  0.1824E+01
   0.1050E+02  0.7251E+02  0.2676E+03  0.2981E+03  0.3690E+01  0.4112E+01  0.3144E+03  0.1868E+01
   0.1075E+02  0.6979E+02  0.2572E+03  0.2839E+03  0.3685E+01  0.4068E+01  0.3135E+03  0.1913E+01
   0.1100E+02  0.6739E+02  0.2476E+03  0.2715E+03  0.3674E+01  0.4029E+01  0.3125E+03  0.1957E+01
   0.1125E+02  0.6513E+02  0.2386E+03  0.2595E+03  0.3663E+01  0.3984E+01  0.3115E+03  0.2002E+01
   0.1150E+02  0.6293E+02  0.2301E+03  0.2472E+03  0.3657E+01  0.3929E+01  0.3104E+03  0.2046E+01
   0.1175E+02  0.6070E+02  0.2221E+03  0.2357E+03  0.3659E+01  0.3883E+01  0.3092E+03  0.2091E+01
   0.1200E+02  0.5860E+02  0.2146E+03  0.2266E+03  0.3662E+01  0.3868E+01  0.3079E+03  0.2135E+01
   0.1225E+02  0.5699E+02  0.2078E+03  0.2207E+03  0.3646E+01  0.3873E+01  0.3063E+03  0.2180E+01
   0.1250E+02  0.5575E+02  0.2016E+03  0.2167E+03  0.3617E+01  0.3887E+01  0.3047E+03  0.2224E+01
   0.1275E+02  0.5475E+02  0.1961E+03  0.2134E+03  0.3583E+01  0.3897E+01  0.3031E+03  0.2269E+01
   0.1300E+02  0.5378E+02  0.1911E+03  0.2105E+03  0.3554E+01  0.3914E+01  0.3016E+03  0.2313E+01
   0.1325E+02  0.5281E+02  0.1866E+03  0.2081E+03  0.3533E+01  0.3941E+01  0.3001E+03  0.2358E+01
   0.1350E+02  0.5181E+02  0.1824E+03  0.2065E+03  0.3521E+01  0.3985E+01  0.2986E+03  0.2402E+01
   0.1375E+02  0.5063E+02  0.1787E+03  0.2057E+03  0.3529E+01  0.4063E+01  0.2972E+03  0.2447E+01
   0.1400E+02  0.4963E+02  0.1754E+03  0.2061E+03  0.3534E+01  0.4152E+01  0.2959E+03  0.2491E+01
   0.1425E+02  0.4890E+02  0.1724E+03  0.2070E+03  0.3527E+01  0.4234E+01  0.2947E+03  0.2536E+01
   0.1450E+02  0.4823E+02  0.1698E+03  0.2069E+03  0.3520E+01  0.4290E+01  0.2938E+03  0.2580E+01
   0.1475E+02  0.4770E+02  0.1672E+03  0.2049E+03  0.3504E+01  0.4295E+01  0.2931E+03  0.2625E+01
   0.1500E+02  0.4717E+02  0.1645E+03  0.2011E+03  0.3488E+01  0.4263E+01  0.2926E+03  0.2669E+01
   0.1525E+02  0.4653E+02  0.1617E+03  0.1953E+03  0.3476E+01  0.4197E+01  0.2922E+03  0.2714E+01
   0.1550E+02  0.4582E+02  0.1588E+03  0.1887E+03  0.3466E+01  0.4118E+01  0.2918E+03  0.2758E+01
   0.1575E+02  0.4452E+02  0.1559E+03  0.1837E+03  0.3501E+01  0.4126E+01  0.2912E+03  0.2802E+01
   0.1600E+02  0.4274E+02  0.1531E+03  0.1806E+03  0.3583E+01  0.4226E+01  0.2906E+03  0.2847E+01
   0.1625E+02  0.4150E+02  0.1506E+03  0.1778E+03  0.3629E+01  0.4285E+01  0.2900E+03  0.2891E+01
   0.1650E+02  0.4016E+02  0.1481E+03  0.1746E+03  0.3688E+01  0.4347E+01  0.2895E+03  0.2936E+01
   0.1675E+02  0.3820E+02  0.1457E+03  0.1711E+03  0.3815E+01  0.4478E+01  0.2890E+03  0.2980E+01
   0.1700E+02  0.3681E+02  0.1434E+03  0.1676E+03  0.3895E+01  0.4554E+01  0.2885E+03  0.3025E+01
   0.1725E+02  0.3544E+02  0.1411E+03  0.1645E+03  0.3981E+01  0.4641E+01  0.2881E+03  0.3069E+01
   0.1750E+02  0.3281E+02  0.1389E+03  0.1620E+03  0.4234E+01  0.4936E+01  0.2876E+03  0.3114E+01
   0.1775E+02  0.3056E+02  0.1369E+03  0.1596E+03  0.4479E+01  0.5222E+01  0.2871E+03  0.3158E+01
   0.1800E+02  0.2936E+02  0.1349E+03  0.1563E+03  0.4592E+01  0.5323E+01  0.2868E+03  0.3203E+01
   0.1825E+02  0.2724E+02  0.1328E+03  0.1521E+03  0.4875E+01  0.5585E+01  0.2865E+03  0.3247E+01
   0.1850E+02  0.2421E+02  0.1307E+03  0.1484E+03  0.5400E+01  0.6131E+01  0.2861E+03  0.3292E+01
   0.1875E+02  0.2278E+02  0.1288E+03  0.1457E+03  0.5653E+01  0.6396E+01  0.2856E+03  0.3336E+01
   0.1900E+02  0.2198E+02  0.1269E+03  0.1436E+03  0.5774E+01  0.6533E+01  0.2851E+03  0.3381E+01
   0.1925E+02  0.2023E+02  0.1251E+03  0.1418E+03  0.6187E+01  0.7009E+01  0.2847E+03  0.3425E+01
   0.1950E+02  0.1847E+02  0.1235E+03  0.1399E+03  0.6683E+01  0.7571E+01  0.2842E+03  0.3470E+01
   0.1975E+02  0.1788E+02  0.1218E+03  0.1379E+03  0.6817E+01  0.7715E+01  0.2838E+03  0.3514E+01
   0.2000E+02  0.1740E+02  0.1203E+03  0.1361E+03  0.6914E+01  0.7825E+01  0.2834E+03  0.3559E+01
   0.2025E+02  0.1615E+02  0.1188E+03  0.1348E+03  0.7358E+01  0.8349E+01  0.2830E+03  0.3603E+01
   0.2050E+02  0.1510E+02  0.1175E+03  0.1340E+03  0.7781E+01  0.8877E+01  0.2826E+03  0.3648E+01
   0.2075E+02  0.1478E+02  0.1162E+03  0.1328E+03  0.7859E+01  0.8985E+01  0.2823E+03  0.3692E+01
   0.2100E+02  0.1439E+02  0.1149E+03  0.1307E+03  0.7984E+01  0.9085E+01  0.2821E+03  0.3737E+01
   0.2125E+02  0.1308E+02  0.1136E+03  0.1288E+03  0.8681E+01  0.9847E+01  0.2819E+03  0.3781E+01
   0.2150E+02  0.1192E+02  0.1124E+03  0.1286E+03  0.9424E+01  0.1078E+02  0.2817E+03  0.3826E+01
   0.2175E+02  0.1164E+02  0.1113E+03  0.1293E+03  0.9568E+01  0.1111E+02  0.2815E+03  0.3870E+01
   0.2200E+02  0.1145E+02  0.1103E+03  0.1283E+03  0.9638E+01  0.1121E+02  0.2815E+03  0.3915E+01
   0.2225E+02  0.1068E+02  0.1092E+03  0.1251E+03  0.1023E+02  0.1172E+02  0.2818E+03  0.3959E+01
   0.2250E+02  0.9626E+01  0.1080E+03  0.1214E+03  0.1122E+02  0.1262E+02  0.2820E+03  0.4004E+01
   0.2275E+02  0.9329E+01  0.1068E+03  0.1190E+03  0.1145E+02  0.1276E+02  0.2822E+03  0.4048E+01
   0.2300E+02  0.9244E+01  0.1056E+03  0.1173E+03  0.1142E+02  0.1269E+02  0.2824E+03  0.4093E+01
   0.2325E+02  0.8899E+01  0.1044E+03  0.1148E+03  0.1173E+02  0.1290E+02  0.2828E+03  0.4137E+01
   0.2350E+02  0.7858E+01  0.1032E+03  0.1112E+03  0.1313E+02  0.1416E+02  0.2832E+03  0.4181E+01
   0.2375E+02  0.7319E+01  0.1018E+03  0.1068E+03  0.1391E+02  0.1459E+02  0.2838E+03  0.4226E+01
   0.2400E+02  0.7230E+01  0.1003E+03  0.1011E+03  0.1387E+02  0.1398E+02  0.2843E+03  0.4270E+01
   0.2425E+02  0.7134E+01  0.9865E+02  0.9439E+02  0.1383E+02  0.1323E+02  0.2848E+03  0.4315E+01
   0.2450E+02  0.6498E+01  0.9684E+02  0.8733E+02  0.1490E+02  0.1344E+02  0.2852E+03  0.4359E+01
   0.2475E+02  0.5346E+01  0.9497E+02  0.8099E+02  0.1776E+02  0.1515E+02  0.2854E+03  0.4404E+01
   0.2500E+02  0.5031E+01  0.9313E+02  0.7655E+02  0.1851E+02  0.1522E+02  0.2853E+03  0.4448E+01
   0.2525E+02  0.4991E+01  0.9144E+02  0.7444E+02  0.1832E+02  0.1491E+02  0.2850E+03  0.4493E+01
   0.2550E+02  0.4930E+01  0.8993E+02  0.7321E+02  0.1824E+02  0.1485E+02  0.2847E+03  0.4537E+01
   0.2575E+02  0.4472E+01  0.8850E+02  0.7093E+02  0.1979E+02  0.1586E+02  0.2845E+03  0.4582E+01
   0.2600E+02  0.3728E+01  0.8702E+02  0.6703E+02  0.2334E+02  0.1798E+02  0.2844E+03  0.4626E+01
   0.2625E+02  0.3563E+01  0.8546E+02  0.6234E+02  0.2398E+02  0.1749E+02  0.2842E+03  0.4671E+01
   0.2650E+02  0.3546E+01  0.8385E+02  0.5804E+02  0.2364E+02  0.1637E+02  0.2840E+03  0.4715E+01
   0.2675E+02  0.3529E+01  0.8227E+02  0.5457E+02  0.2331E+02  0.1546E+02  0.2836E+03  0.4760E+01
   0.2700E+02  0.3371E+01  0.8074E+02  0.5169E+02  0.2395E+02  0.1534E+02  0.2830E+03  0.4804E+01
   0.2725E+02  0.2965E+01  0.7929E+02  0.4964E+02  0.2674E+02  0.1674E+02  0.2824E+03  0.4849E+01
   0.2750E+02  0.2851E+01  0.7793E+02  0.4812E+02  0.2733E+02  0.1688E+02  0.2817E+03  0.4893E+01
   0.2775E+02  0.2840E+01  0.7661E+02  0.4606E+02  0.2697E+02  0.1622E+02  0.2811E+03  0.4938E+01
   0.2800E+02  0.2835E+01  0.7530E+02  0.4347E+02  0.2656E+02  0.1534E+02  0.2804E+03  0.4982E+01
   0.2825E+02  0.2772E+01  0.7398E+02  0.4072E+02  0.2669E+02  0.1469E+02  0.2798E+03  0.5027E+01
   0.2850E+02  0.2381E+01  0.7264E+02  0.3726E+02  0.3051E+02  0.1565E+02  0.2790E+03  0.5071E+01
   0.2875E+02  0.2122E+01  0.7125E+02  0.3344E+02  0.3358E+02  0.1576E+02  0.2781E+03  0.5116E+01
   0.2900E+02  0.2095E+01  0.6990E+02  0.3107E+02  0.3336E+02  0.1483E+02  0.2770E+03  0.5160E+01
   0.2925E+02  0.2093E+01  0.6870E+02  0.3113E+02  0.3282E+02  0.1487E+02  0.2756E+03  0.5205E+01
   0.2950E+02  0.2089E+01  0.6770E+02  0.3258E+02  0.3242E+02  0.1560E+02  0.2741E+03  0.5249E+01
   0.2975E+02  0.2025E+01  0.6683E+02  0.3313E+02  0.3300E+02  0.1636E+02  0.2727E+03  0.5294E+01
   0.3000E+02  0.1776E+01  0.6594E+02  0.3154E+02  0.3712E+02  0.1776E+02  0.2715E+03  0.5338E+01
   0.3025E+02  0.1698E+01  0.6499E+02  0.2929E+02  0.3827E+02  0.1724E+02  0.2700E+03  0.5383E+01
   0.3050E+02  0.1693E+01  0.6410E+02  0.2920E+02  0.3787E+02  0.1725E+02  0.2683E+03  0.5427E+01
   0.3075E+02  0.1692E+01  0.6342E+02  0.3215E+02  0.3748E+02  0.1900E+02  0.2662E+03  0.5472E+01
   0.3100E+02  0.1692E+01  0.6301E+02  0.3663E+02  0.3724E+02  0.2165E+02  0.2641E+03  0.5516E+01
   0.3125E+02  0.1692E+01  0.6282E+02  0.4144E+02  0.3713E+02  0.2449E+02  0.2621E+03  0.5560E+01
   0.3150E+02  0.1692E+01  0.6279E+02  0.4634E+02  0.3712E+02  0.2739E+02  0.2602E+03  0.5605E+01
   0.3175E+02  0.1692E+01  0.6289E+02  0.5097E+02  0.3718E+02  0.3013E+02  0.2584E+03  0.5649E+01
   0.3200E+02  0.1691E+01  0.6309E+02  0.5524E+02  0.3730E+02  0.3266E+02  0.2568E+03  0.5694E+01
   0.3225E+02  0.1691E+01  0.6340E+02  0.6031E+02  0.3749E+02  0.3566E+02  0.2552E+03  0.5738E+01
   0.3250E+02  0.1687E+01  0.6393E+02  0.6786E+02  0.3790E+02  0.4023E+02  0.2535E+03  0.5783E+01
   0.3275E+02  0.1594E+01  0.6483E+02  0.7942E+02  0.4067E+02  0.4983E+02  0.2520E+03  0.5827E+01
   0.3300E+02  0.9462E+00  0.6672E+02  0.1137E+03  0.7051E+02  0.1201E+03  0.2508E+03  0.5872E+01
