 10560 0 0 0 0 0 0 0
   0.2500E+00  0.5095E+03  0.1622E+04  0.3042E+04  0.5708E+01  0.1071E+02  0.6258E+02  0.3914E-01
   0.5000E+00  0.4079E+03  0.1235E+04  0.2328E+04  0.5486E+01  0.1034E+02  0.7706E+02  0.7827E-01
   0.7500E+00  0.3096E+03  0.1062E+04  0.1950E+04  0.6276E+01  0.1152E+02  0.9061E+02  0.1174E+00
   0.1000E+01  0.2366E+03  0.9437E+03  0.1708E+04  0.7360E+01  0.1332E+02  0.1016E+03  0.1565E+00
   0.1250E+01  0.1905E+03  0.8599E+03  0.1560E+04  0.8398E+01  0.1523E+02  0.1108E+03  0.1957E+00
   0.1500E+01  0.1626E+03  0.7969E+03  0.1440E+04  0.9185E+01  0.1660E+02  0.1203E+03  0.2348E+00
   0.1750E+01  0.1453E+03  0.7387E+03  0.1296E+04  0.9602E+01  0.1685E+02  0.1306E+03  0.2740E+00
   0.2000E+01  0.1337E+03  0.6781E+03  0.1137E+04  0.9638E+01  0.1616E+02  0.1398E+03  0.3131E+00
   0.2250E+01  0.1257E+03  0.6208E+03  0.1016E+04  0.9447E+01  0.1546E+02  0.1462E+03  0.3522E+00
   0.2500E+01  0.1197E+03  0.5753E+03  0.9531E+03  0.9243E+01  0.1531E+02  0.1502E+03  0.3914E+00
   0.2750E+01  0.1151E+03  0.5413E+03  0.9080E+03  0.9098E+01  0.1526E+02  0.1543E+03  0.4305E+00
   0.3000E+01  0.1111E+03  0.5117E+03  0.8480E+03  0.8951E+01  0.1483E+02  0.1592E+03  0.4696E+00
   0.3250E+01  0.1073E+03  0.4825E+03  0.7819E+03  0.8778E+01  0.1422E+02  0.1642E+03  0.5088E+00
   0.3500E+01  0.1033E+03  0.4544E+03  0.7232E+03  0.8620E+01  0.1372E+02  0.1684E+03  0.5479E+00
   0.3750E+01  0.9919E+02  0.4282E+03  0.6707E+03  0.8497E+01  0.1331E+02  0.1722E+03  0.5871E+00
   0.4000E+01  0.9508E+02  0.4039E+03  0.6215E+03  0.8389E+01  0.1291E+02  0.1755E+03  0.6262E+00
   0.4250E+01  0.9112E+02  0.3812E+03  0.5766E+03  0.8290E+01  0.1254E+02  0.1783E+03  0.6653E+00
   0.4500E+01  0.8721E+02  0.3604E+03  0.5381E+03  0.8213E+01  0.1226E+02  0.1805E+03  0.7045E+00
   0.4750E+01  0.8327E+02  0.3417E+03  0.5070E+03  0.8179E+01  0.1213E+02  0.1823E+03  0.7436E+00
   0.5000E+01  0.7931E+02  0.3254E+03  0.4825E+03  0.8197E+01  0.1216E+02  0.1837E+03  0.7827E+00
   0.5250E+01  0.7536E+02  0.3110E+03  0.4622E+03  0.8267E+01  0.1228E+02  0.1850E+03  0.8219E+00
   0.5500E+01  0.7141E+02  0.2982E+03  0.4428E+03  0.8383E+01  0.1245E+02  0.1864E+03  0.8610E+00
   0.5750E+01  0.6750E+02  0.2863E+03  0.4222E+03  0.8532E+01  0.1258E+02  0.1879E+03  0.9002E+00
   0.6000E+01  0.6376E+02  0.2749E+03  0.4005E+03  0.8688E+01  0.1266E+02  0.1895E+03  0.9393E+00
   0.6250E+01  0.6026E+02  0.2639E+03  0.3790E+03  0.8840E+01  0.1270E+02  0.1909E+03  0.9784E+00
   0.6500E+01  0.5702E+02  0.2534E+03  0.3594E+03  0.8983E+01  0.1274E+02  0.1921E+03  0.1018E+01
   0.6750E+01  0.5407E+02  0.2435E+03  0.3419E+03  0.9117E+01  0.1280E+02  0.1932E+03  0.1057E+01
   0.7000E+01  0.5143E+02  0.2343E+03  0.3259E+03  0.9233E+01  0.1284E+02  0.1941E+03  0.1096E+01
   0.7250E+01  0.4916E+02  0.2255E+03  0.3102E+03  0.9311E+01  0.1280E+02  0.1949E+03  0.1135E+01
   0.7500E+01  0.4726E+02  0.2172E+03  0.2946E+03  0.9336E+01  0.1266E+02  0.1956E+03  0.1174E+01
   0.7750E+01  0.4569E+02  0.2092E+03  0.2801E+03  0.9313E+01  0.1247E+02  0.1961E+03  0.1213E+01
   0.8000E+01  0.4436E+02  0.2018E+03  0.2680E+03  0.9258E+01  0.1230E+02  0.1963E+03  0.1252E+01
   0.8250E+01  0.4319E+02  0.1951E+03  0.2589E+03  0.9201E+01  0.1221E+02  0.1963E+03  0.1292E+01
   0.8500E+01  0.4205E+02  0.1891E+03  0.2527E+03  0.9168E+01  0.1225E+02  0.1961E+03  0.1331E+01
   0.8750E+01  0.4093E+02  0.1840E+03  0.2490E+03  0.9169E+01  0.1241E+02  0.1959E+03  0.1370E+01
   0.9000E+01  0.3989E+02  0.1795E+03  0.2463E+03  0.9187E+01  0.1260E+02  0.1958E+03  0.1409E+01
   0.9250E+01  0.3895E+02  0.1755E+03  0.2423E+03  0.9203E+01  0.1271E+02  0.1960E+03  0.1448E+01
   0.9500E+01  0.3806E+02  0.1715E+03  0.2357E+03  0.9210E+01  0.1266E+02  0.1965E+03  0.1487E+01
   0.9750E+01  0.3721E+02  0.1674E+03  0.2265E+03  0.9201E+01  0.1245E+02  0.1970E+03  0.1526E+01
   0.1000E+02  0.3636E+02  0.1631E+03  0.2164E+03  0.9180E+01  0.1217E+02  0.1974E+03  0.1565E+01
   0.1025E+02  0.3551E+02  0.1589E+03  0.2076E+03  0.9159E+01  0.1197E+02  0.1976E+03  0.1605E+01
   0.1050E+02  0.3467E+02  0.1551E+03  0.2028E+03  0.9159E+01  0.1198E+02  0.1973E+03  0.1644E+01
   0.1075E+02  0.3383E+02  0.1519E+03  0.2037E+03  0.9202E+01  0.1234E+02  0.1966E+03  0.1683E+01
   0.1100E+02  0.3296E+02  0.1499E+03  0.2104E+03  0.9317E+01  0.1308E+02  0.1960E+03  0.1722E+01
   0.1125E+02  0.3206E+02  0.1488E+03  0.2193E+03  0.9512E+01  0.1402E+02  0.1958E+03  0.1761E+01
   0.1150E+02  0.3111E+02  0.1481E+03  0.2241E+03  0.9762E+01  0.1478E+02  0.1965E+03  0.1800E+01
   0.1175E+02  0.3011E+02  0.1471E+03  0.2211E+03  0.1002E+02  0.1506E+02  0.1982E+03  0.1839E+01
   0.1200E+02  0.2911E+02  0.1452E+03  0.2109E+03  0.1024E+02  0.1486E+02  0.2004E+03  0.1879E+01
   0.1225E+02  0.2811E+02  0.1425E+03  0.1971E+03  0.1041E+02  0.1439E+02  0.2027E+03  0.1918E+01
   0.1250E+02  0.2708E+02  0.1392E+03  0.1833E+03  0.1055E+02  0.1390E+02  0.2046E+03  0.1957E+01
   0.1275E+02  0.2597E+02  0.1356E+03  0.1716E+03  0.1072E+02  0.1357E+02  0.2061E+03  0.1996E+01
   0.1300E+02  0.2482E+02  0.1321E+03  0.1621E+03  0.1093E+02  0.1341E+02  0.2073E+03  0.2035E+01
   0.1325E+02  0.2369E+02  0.1286E+03  0.1537E+03  0.1115E+02  0.1333E+02  0.2083E+03  0.2074E+01
   0.1350E+02  0.2262E+02  0.1252E+03  0.1456E+03  0.1137E+02  0.1322E+02  0.2091E+03  0.2113E+01
   0.1375E+02  0.2160E+02  0.1218E+03  0.1369E+03  0.1159E+02  0.1302E+02  0.2099E+03  0.2153E+01
   0.1400E+02  0.2061E+02  0.1184E+03  0.1277E+03  0.1180E+02  0.1274E+02  0.2104E+03  0.2192E+01
   0.1425E+02  0.1964E+02  0.1149E+03  0.1193E+03  0.1203E+02  0.1249E+02  0.2106E+03  0.2231E+01
   0.1450E+02  0.1869E+02  0.1117E+03  0.1136E+03  0.1229E+02  0.1250E+02  0.2104E+03  0.2270E+01
   0.1475E+02  0.1778E+02  0.1089E+03  0.1125E+03  0.1259E+02  0.1301E+02  0.2098E+03  0.2309E+01
   0.1500E+02  0.1694E+02  0.1068E+03  0.1156E+03  0.1296E+02  0.1403E+02  0.2091E+03  0.2348E+01
   0.1525E+02  0.1616E+02  0.1052E+03  0.1199E+03  0.1339E+02  0.1526E+02  0.2087E+03  0.2387E+01
   0.1550E+02  0.1540E+02  0.1039E+03  0.1222E+03  0.1388E+02  0.1632E+02  0.2088E+03  0.2426E+01
   0.1575E+02  0.1463E+02  0.1026E+03  0.1205E+03  0.1444E+02  0.1695E+02  0.2095E+03  0.2466E+01
   0.1600E+02  0.1386E+02  0.1010E+03  0.1145E+03  0.1499E+02  0.1700E+02  0.2106E+03  0.2505E+01
   0.1625E+02  0.1315E+02  0.9879E+02  0.1038E+03  0.1546E+02  0.1625E+02  0.2119E+03  0.2544E+01
   0.1650E+02  0.1252E+02  0.9591E+02  0.8827E+02  0.1576E+02  0.1451E+02  0.2132E+03  0.2583E+01
   0.1675E+02  0.1194E+02  0.9240E+02  0.7098E+02  0.1593E+02  0.1223E+02  0.2138E+03  0.2622E+01
   0.1700E+02  0.1138E+02  0.8880E+02  0.6010E+02  0.1606E+02  0.1087E+02  0.2132E+03  0.2661E+01
   0.1725E+02  0.1083E+02  0.8596E+02  0.6273E+02  0.1633E+02  0.1192E+02  0.2114E+03  0.2700E+01
   0.1750E+02  0.1032E+02  0.8434E+02  0.7346E+02  0.1683E+02  0.1466E+02  0.2094E+03  0.2740E+01
   0.1775E+02  0.9828E+01  0.8343E+02  0.7987E+02  0.1748E+02  0.1673E+02  0.2083E+03  0.2779E+01
   0.1800E+02  0.9366E+01  0.8238E+02  0.7830E+02  0.1811E+02  0.1721E+02  0.2082E+03  0.2818E+01
   0.1825E+02  0.8937E+01  0.7993E+02  0.4797E+02  0.1842E+02  0.1105E+02  0.2089E+03  0.2857E+01
