 10226 0 0 0 0 0 0 0
   0.2500E+00  0.2144E+03  0.5878E+03  0.1194E+04  0.5085E+01  0.1033E+02  0.1065E+02  0.5469E-01
   0.5000E+00  0.2051E+03  0.5938E+03  0.1215E+04  0.5466E+01  0.1119E+02  0.2000E+02  0.1094E+00
   0.7500E+00  0.1915E+03  0.6044E+03  0.1241E+04  0.6057E+01  0.1244E+02  0.3325E+02  0.1641E+00
   0.1000E+01  0.1754E+03  0.6095E+03  0.1241E+04  0.6766E+01  0.1378E+02  0.4916E+02  0.2188E+00
   0.1250E+01  0.1594E+03  0.6031E+03  0.1202E+04  0.7471E+01  0.1489E+02  0.6616E+02  0.2735E+00
   0.1500E+01  0.1449E+03  0.5825E+03  0.1118E+04  0.8040E+01  0.1544E+02  0.8279E+02  0.3282E+00
   0.1750E+01  0.1324E+03  0.5482E+03  0.9982E+03  0.8377E+01  0.1525E+02  0.9760E+02  0.3829E+00
   0.2000E+01  0.1220E+03  0.5048E+03  0.8668E+03  0.8461E+01  0.1453E+02  0.1090E+03  0.4376E+00
   0.2250E+01  0.1134E+03  0.4616E+03  0.7664E+03  0.8403E+01  0.1395E+02  0.1161E+03  0.4922E+00
   0.2500E+01  0.1061E+03  0.4281E+03  0.7235E+03  0.8405E+01  0.1420E+02  0.1194E+03  0.5469E+00
   0.2750E+01  0.9959E+02  0.4088E+03  0.7297E+03  0.8621E+01  0.1539E+02  0.1215E+03  0.6016E+00
   0.3000E+01  0.9357E+02  0.4002E+03  0.7498E+03  0.9047E+01  0.1695E+02  0.1253E+03  0.6563E+00
   0.3250E+01  0.8806E+02  0.3937E+03  0.7401E+03  0.9520E+01  0.1790E+02  0.1328E+03  0.7110E+00
   0.3500E+01  0.8300E+02  0.3799E+03  0.6712E+03  0.9807E+01  0.1733E+02  0.1432E+03  0.7657E+00
   0.3750E+01  0.7829E+02  0.3547E+03  0.5575E+03  0.9760E+01  0.1534E+02  0.1532E+03  0.8204E+00
   0.4000E+01  0.7399E+02  0.3224E+03  0.4518E+03  0.9435E+01  0.1322E+02  0.1597E+03  0.8751E+00
   0.4250E+01  0.7021E+02  0.2912E+03  0.3833E+03  0.9022E+01  0.1187E+02  0.1622E+03  0.9298E+00
   0.4500E+01  0.6678E+02  0.2665E+03  0.3545E+03  0.8716E+01  0.1160E+02  0.1617E+03  0.9845E+00
   0.4750E+01  0.6334E+02  0.2508E+03  0.3674E+03  0.8681E+01  0.1272E+02  0.1594E+03  0.1039E+01
   0.5000E+01  0.5982E+02  0.2436E+03  0.3998E+03  0.8962E+01  0.1471E+02  0.1578E+03  0.1094E+01
   0.5250E+01  0.5653E+02  0.2402E+03  0.4116E+03  0.9380E+01  0.1607E+02  0.1589E+03  0.1149E+01
   0.5500E+01  0.5368E+02  0.2355E+03  0.3955E+03  0.9713E+01  0.1631E+02  0.1621E+03  0.1203E+01
   0.5750E+01  0.5108E+02  0.2285E+03  0.3727E+03  0.9929E+01  0.1620E+02  0.1656E+03  0.1258E+01
   0.6000E+01  0.4861E+02  0.2206E+03  0.3531E+03  0.1010E+02  0.1617E+02  0.1689E+03  0.1313E+01
   0.6250E+01  0.4638E+02  0.2125E+03  0.3343E+03  0.1022E+02  0.1608E+02  0.1722E+03  0.1367E+01
   0.6500E+01  0.4457E+02  0.2043E+03  0.3133E+03  0.1024E+02  0.1571E+02  0.1755E+03  0.1422E+01
   0.6750E+01  0.4325E+02  0.1955E+03  0.2897E+03  0.1013E+02  0.1500E+02  0.1788E+03  0.1477E+01
   0.7000E+01  0.4230E+02  0.1862E+03  0.2636E+03  0.9878E+01  0.1398E+02  0.1821E+03  0.1531E+01
   0.7250E+01  0.4150E+02  0.1763E+03  0.2354E+03  0.9548E+01  0.1275E+02  0.1850E+03  0.1586E+01
   0.7500E+01  0.4063E+02  0.1658E+03  0.2060E+03  0.9188E+01  0.1142E+02  0.1876E+03  0.1641E+01
   0.7750E+01  0.3953E+02  0.1550E+03  0.1768E+03  0.8842E+01  0.1009E+02  0.1895E+03  0.1696E+01
   0.8000E+01  0.3817E+02  0.1442E+03  0.1501E+03  0.8531E+01  0.8875E+01  0.1906E+03  0.1750E+01
   0.8250E+01  0.3663E+02  0.1339E+03  0.1282E+03  0.8262E+01  0.7914E+01  0.1907E+03  0.1805E+01
   0.8500E+01  0.3499E+02  0.1245E+03  0.1132E+03  0.8054E+01  0.7326E+01  0.1900E+03  0.1860E+01
   0.8750E+01  0.3334E+02  0.1165E+03  0.1057E+03  0.7918E+01  0.7181E+01  0.1886E+03  0.1914E+01
   0.9000E+01  0.3174E+02  0.1101E+03  0.1047E+03  0.7869E+01  0.7485E+01  0.1867E+03  0.1969E+01
   0.9250E+01  0.3014E+02  0.1052E+03  0.1088E+03  0.7932E+01  0.8201E+01  0.1846E+03  0.2024E+01
   0.9500E+01  0.2852E+02  0.1018E+03  0.1160E+03  0.8117E+01  0.9243E+01  0.1827E+03  0.2078E+01
   0.9750E+01  0.2694E+02  0.9954E+02  0.1239E+03  0.8406E+01  0.1046E+02  0.1812E+03  0.2133E+01
   0.1000E+02  0.2541E+02  0.9793E+02  0.1304E+03  0.8778E+01  0.1168E+02  0.1804E+03  0.2188E+01
   0.1025E+02  0.2394E+02  0.9653E+02  0.1331E+03  0.9190E+01  0.1267E+02  0.1804E+03  0.2242E+01
   0.1050E+02  0.2260E+02  0.9486E+02  0.1300E+03  0.9572E+01  0.1312E+02  0.1811E+03  0.2297E+01
   0.1075E+02  0.2142E+02  0.9250E+02  0.1204E+03  0.9858E+01  0.1284E+02  0.1822E+03  0.2352E+01
   0.1100E+02  0.2032E+02  0.8931E+02  0.1067E+03  0.1004E+02  0.1199E+02  0.1834E+03  0.2407E+01
   0.1125E+02  0.1923E+02  0.8553E+02  0.9276E+02  0.1016E+02  0.1102E+02  0.1842E+03  0.2461E+01
   0.1150E+02  0.1813E+02  0.8163E+02  0.8230E+02  0.1030E+02  0.1038E+02  0.1842E+03  0.2516E+01
   0.1175E+02  0.1705E+02  0.7812E+02  0.7739E+02  0.1048E+02  0.1039E+02  0.1836E+03  0.2571E+01
   0.1200E+02  0.1603E+02  0.7534E+02  0.7813E+02  0.1076E+02  0.1116E+02  0.1826E+03  0.2625E+01
   0.1225E+02  0.1506E+02  0.7341E+02  0.8273E+02  0.1117E+02  0.1258E+02  0.1814E+03  0.2680E+01
   0.1250E+02  0.1413E+02  0.7220E+02  0.8857E+02  0.1171E+02  0.1436E+02  0.1806E+03  0.2735E+01
   0.1275E+02  0.1327E+02  0.7141E+02  0.9330E+02  0.1234E+02  0.1612E+02  0.1804E+03  0.2789E+01
   0.1300E+02  0.1252E+02  0.7076E+02  0.9565E+02  0.1296E+02  0.1752E+02  0.1807E+03  0.2844E+01
   0.1325E+02  0.1190E+02  0.7000E+02  0.9520E+02  0.1350E+02  0.1836E+02  0.1816E+03  0.2899E+01
   0.1350E+02  0.1137E+02  0.6896E+02  0.9170E+02  0.1393E+02  0.1853E+02  0.1830E+03  0.2953E+01
   0.1375E+02  0.1084E+02  0.6753E+02  0.8533E+02  0.1431E+02  0.1809E+02  0.1847E+03  0.3008E+01
   0.1400E+02  0.1028E+02  0.6567E+02  0.7693E+02  0.1468E+02  0.1720E+02  0.1865E+03  0.3063E+01
   0.1425E+02  0.9732E+01  0.6341E+02  0.6720E+02  0.1498E+02  0.1587E+02  0.1884E+03  0.3118E+01
   0.1450E+02  0.9254E+01  0.6079E+02  0.5636E+02  0.1511E+02  0.1401E+02  0.1901E+03  0.3172E+01
   0.1475E+02  0.8847E+01  0.5784E+02  0.4470E+02  0.1504E+02  0.1162E+02  0.1917E+03  0.3227E+01
   0.1500E+02  0.8462E+01  0.5461E+02  0.3272E+02  0.1485E+02  0.8898E+01  0.1931E+03  0.3282E+01
   0.1525E+02  0.8046E+01  0.5120E+02  0.2109E+02  0.1465E+02  0.6032E+01  0.1941E+03  0.3336E+01
   0.1550E+02  0.7578E+01  0.4767E+02  0.1024E+02  0.1449E+02  0.3111E+01  0.1949E+03  0.3391E+01
   0.1575E+02  0.7069E+01  0.4406E+02  0.1000E-01  0.1435E+02  0.3258E-02  0.1954E+03  0.3446E+01
   0.1600E+02  0.6550E+01  0.4019E+02  0.1000E-01  0.1414E+02  0.3517E-02  0.1957E+03  0.3500E+01
   0.1625E+02  0.6058E+01  0.3602E+02  0.1000E-01  0.1370E+02  0.3804E-02  0.1954E+03  0.3555E+01
   0.1650E+02  0.5627E+01  0.3192E+02  0.1000E-01  0.1307E+02  0.4096E-02  0.1940E+03  0.3610E+01
   0.1675E+02  0.5251E+01  0.2836E+02  0.1000E-01  0.1245E+02  0.4391E-02  0.1918E+03  0.3665E+01
   0.1700E+02  0.4898E+01  0.2525E+02  0.1000E-01  0.1189E+02  0.4708E-02  0.1896E+03  0.3719E+01
   0.1725E+02  0.4572E+01  0.2227E+02  0.1000E-01  0.1123E+02  0.5044E-02  0.1870E+03  0.3774E+01
   0.1750E+02  0.4295E+01  0.1961E+02  0.1000E-01  0.1053E+02  0.5370E-02  0.1836E+03  0.3829E+01
   0.1775E+02  0.4049E+01  0.1765E+02  0.1000E-01  0.1006E+02  0.5698E-02  0.1796E+03  0.3883E+01
   0.1800E+02  0.3793E+01  0.1642E+02  0.1000E-01  0.9990E+01  0.6083E-02  0.1755E+03  0.3938E+01
   0.1825E+02  0.3513E+01  0.1569E+02  0.1000E-01  0.1030E+02  0.6569E-02  0.1717E+03  0.3993E+01
   0.1850E+02  0.3216E+01  0.1519E+02  0.1000E-01  0.1091E+02  0.7178E-02  0.1683E+03  0.4047E+01
   0.1875E+02  0.2944E+01  0.1484E+02  0.1000E-01  0.1163E+02  0.7842E-02  0.1650E+03  0.4102E+01
   0.1900E+02  0.2760E+01  0.1460E+02  0.1000E-01  0.1221E+02  0.8364E-02  0.1617E+03  0.4157E+01
   0.1925E+02  0.2667E+01  0.1452E+02  0.1000E-01  0.1257E+02  0.8657E-02  0.1585E+03  0.4211E+01
   0.1950E+02  0.2627E+01  0.1461E+02  0.1000E-01  0.1285E+02  0.8792E-02  0.1553E+03  0.4266E+01
   0.1975E+02  0.2642E+01  0.1488E+02  0.1000E-01  0.1301E+02  0.8743E-02  0.1523E+03  0.4321E+01
   0.2000E+02  0.2709E+01  0.1526E+02  0.9087E-01  0.1301E+02  0.7749E-01  0.1495E+03  0.4376E+01
   0.2025E+02  0.2739E+01  0.1566E+02  0.3663E+01  0.1321E+02  0.3089E+01  0.1470E+03  0.4430E+01
   0.2050E+02  0.2621E+01  0.1608E+02  0.6833E+01  0.1417E+02  0.6024E+01  0.1446E+03  0.4485E+01
   0.2075E+02  0.2364E+01  0.1652E+02  0.9964E+01  0.1615E+02  0.9739E+01  0.1423E+03  0.4540E+01
   0.2100E+02  0.2083E+01  0.1700E+02  0.1325E+02  0.1886E+02  0.1470E+02  0.1400E+03  0.4594E+01
   0.2125E+02  0.1849E+01  0.1754E+02  0.1676E+02  0.2192E+02  0.2094E+02  0.1377E+03  0.4649E+01
   0.2150E+02  0.1652E+01  0.1816E+02  0.2045E+02  0.2540E+02  0.2862E+02  0.1355E+03  0.4704E+01
   0.2175E+02  0.1474E+01  0.1885E+02  0.2459E+02  0.2955E+02  0.3854E+02  0.1333E+03  0.4758E+01
   0.2200E+02  0.1317E+01  0.1968E+02  0.2970E+02  0.3453E+02  0.5212E+02  0.1311E+03  0.4813E+01
   0.2225E+02  0.1195E+01  0.2069E+02  0.3613E+02  0.4003E+02  0.6990E+02  0.1289E+03  0.4868E+01
   0.2250E+02  0.1138E+01  0.2197E+02  0.4460E+02  0.4462E+02  0.9058E+02  0.1269E+03  0.4922E+01
   0.2275E+02  0.1155E+01  0.2372E+02  0.5758E+02  0.4747E+02  0.1152E+03  0.1250E+03  0.4977E+01
   0.2300E+02  0.1177E+01  0.2714E+02  0.1081E+03  0.5331E+02  0.2123E+03  0.1235E+03  0.5032E+01
