 2628 0 0 0 0 0 0 0
   0.2500E+00  0.3265E+03  0.6888E+03  0.1373E+04  0.4326E+01  0.8625E+01  0.2773E+02  0.4021E-01
   0.5000E+00  0.2952E+03  0.6158E+03  0.1200E+04  0.4411E+01  0.8593E+01  0.3958E+02  0.8041E-01
   0.7500E+00  0.2592E+03  0.5718E+03  0.1088E+04  0.4806E+01  0.9146E+01  0.5074E+02  0.1206E+00
   0.1000E+01  0.2253E+03  0.5352E+03  0.1002E+04  0.5331E+01  0.9983E+01  0.6038E+02  0.1608E+00
   0.1250E+01  0.1969E+03  0.5030E+03  0.9245E+03  0.5899E+01  0.1084E+02  0.6883E+02  0.2010E+00
   0.1500E+01  0.1750E+03  0.4737E+03  0.8556E+03  0.6432E+01  0.1162E+02  0.7566E+02  0.2412E+00
   0.1750E+01  0.1587E+03  0.4501E+03  0.8135E+03  0.6928E+01  0.1252E+02  0.8028E+02  0.2814E+00
   0.2000E+01  0.1466E+03  0.4356E+03  0.8058E+03  0.7454E+01  0.1379E+02  0.8347E+02  0.3216E+00
   0.2250E+01  0.1374E+03  0.4301E+03  0.8212E+03  0.8065E+01  0.1540E+02  0.8718E+02  0.3619E+00
   0.2500E+01  0.1301E+03  0.4298E+03  0.8368E+03  0.8734E+01  0.1701E+02  0.9331E+02  0.4021E+00
   0.2750E+01  0.1241E+03  0.4286E+03  0.8288E+03  0.9356E+01  0.1809E+02  0.1025E+03  0.4423E+00
   0.3000E+01  0.1193E+03  0.4218E+03  0.7903E+03  0.9818E+01  0.1840E+02  0.1135E+03  0.4825E+00
   0.3250E+01  0.1151E+03  0.4080E+03  0.7302E+03  0.1008E+02  0.1803E+02  0.1244E+03  0.5227E+00
   0.3500E+01  0.1113E+03  0.3885E+03  0.6586E+03  0.1015E+02  0.1721E+02  0.1342E+03  0.5629E+00
   0.3750E+01  0.1076E+03  0.3659E+03  0.5900E+03  0.1011E+02  0.1630E+02  0.1420E+03  0.6031E+00
   0.4000E+01  0.1039E+03  0.3434E+03  0.5372E+03  0.1004E+02  0.1570E+02  0.1479E+03  0.6433E+00
   0.4250E+01  0.9997E+02  0.3228E+03  0.4954E+03  0.1000E+02  0.1535E+02  0.1525E+03  0.6835E+00
   0.4500E+01  0.9583E+02  0.3035E+03  0.4527E+03  0.1000E+02  0.1492E+02  0.1567E+03  0.7237E+00
   0.4750E+01  0.9144E+02  0.2846E+03  0.4078E+03  0.1002E+02  0.1436E+02  0.1602E+03  0.7639E+00
   0.5000E+01  0.8683E+02  0.2661E+03  0.3668E+03  0.1004E+02  0.1384E+02  0.1627E+03  0.8041E+00
   0.5250E+01  0.8212E+02  0.2490E+03  0.3342E+03  0.1011E+02  0.1357E+02  0.1641E+03  0.8443E+00
   0.5500E+01  0.7746E+02  0.2341E+03  0.3121E+03  0.1025E+02  0.1366E+02  0.1644E+03  0.8845E+00
   0.5750E+01  0.7300E+02  0.2218E+03  0.3001E+03  0.1047E+02  0.1416E+02  0.1639E+03  0.9247E+00
   0.6000E+01  0.6886E+02  0.2122E+03  0.2963E+03  0.1078E+02  0.1505E+02  0.1631E+03  0.9649E+00
   0.6250E+01  0.6507E+02  0.2051E+03  0.2976E+03  0.1119E+02  0.1623E+02  0.1622E+03  0.1005E+01
   0.6500E+01  0.6163E+02  0.1998E+03  0.3005E+03  0.1167E+02  0.1755E+02  0.1618E+03  0.1045E+01
   0.6750E+01  0.5857E+02  0.1956E+03  0.3021E+03  0.1218E+02  0.1881E+02  0.1620E+03  0.1086E+01
   0.7000E+01  0.5585E+02  0.1919E+03  0.3002E+03  0.1269E+02  0.1986E+02  0.1628E+03  0.1126E+01
   0.7250E+01  0.5340E+02  0.1882E+03  0.2940E+03  0.1318E+02  0.2059E+02  0.1643E+03  0.1166E+01
   0.7500E+01  0.5113E+02  0.1841E+03  0.2840E+03  0.1362E+02  0.2101E+02  0.1660E+03  0.1206E+01
   0.7750E+01  0.4900E+02  0.1794E+03  0.2712E+03  0.1401E+02  0.2117E+02  0.1679E+03  0.1246E+01
   0.8000E+01  0.4702E+02  0.1744E+03  0.2571E+03  0.1434E+02  0.2114E+02  0.1696E+03  0.1287E+01
   0.8250E+01  0.4521E+02  0.1692E+03  0.2433E+03  0.1461E+02  0.2102E+02  0.1711E+03  0.1327E+01
   0.8500E+01  0.4357E+02  0.1639E+03  0.2314E+03  0.1484E+02  0.2094E+02  0.1721E+03  0.1367E+01
   0.8750E+01  0.4206E+02  0.1591E+03  0.2229E+03  0.1505E+02  0.2109E+02  0.1727E+03  0.1407E+01
   0.9000E+01  0.4070E+02  0.1549E+03  0.2189E+03  0.1528E+02  0.2160E+02  0.1729E+03  0.1447E+01
   0.9250E+01  0.3955E+02  0.1516E+03  0.2194E+03  0.1552E+02  0.2246E+02  0.1730E+03  0.1488E+01
   0.9500E+01  0.3859E+02  0.1492E+03  0.2233E+03  0.1579E+02  0.2363E+02  0.1731E+03  0.1528E+01
   0.9750E+01  0.3776E+02  0.1477E+03  0.2292E+03  0.1609E+02  0.2498E+02  0.1736E+03  0.1568E+01
   0.1000E+02  0.3697E+02  0.1468E+03  0.2349E+03  0.1646E+02  0.2634E+02  0.1747E+03  0.1608E+01
   0.1025E+02  0.3619E+02  0.1460E+03  0.2373E+03  0.1685E+02  0.2738E+02  0.1768E+03  0.1648E+01
   0.1050E+02  0.3544E+02  0.1448E+03  0.2331E+03  0.1718E+02  0.2765E+02  0.1799E+03  0.1689E+01
   0.1075E+02  0.3474E+02  0.1427E+03  0.2201E+03  0.1738E+02  0.2682E+02  0.1838E+03  0.1729E+01
   0.1100E+02  0.3405E+02  0.1391E+03  0.1986E+03  0.1740E+02  0.2485E+02  0.1880E+03  0.1769E+01
   0.1125E+02  0.3329E+02  0.1340E+03  0.1709E+03  0.1725E+02  0.2201E+02  0.1919E+03  0.1809E+01
   0.1150E+02  0.3241E+02  0.1276E+03  0.1419E+03  0.1698E+02  0.1887E+02  0.1950E+03  0.1849E+01
   0.1175E+02  0.3145E+02  0.1207E+03  0.1164E+03  0.1665E+02  0.1605E+02  0.1969E+03  0.1890E+01
   0.1200E+02  0.3043E+02  0.1139E+03  0.9833E+02  0.1633E+02  0.1409E+02  0.1976E+03  0.1930E+01
   0.1225E+02  0.2935E+02  0.1079E+03  0.8853E+02  0.1611E+02  0.1322E+02  0.1972E+03  0.1970E+01
   0.1250E+02  0.2824E+02  0.1028E+03  0.8519E+02  0.1605E+02  0.1330E+02  0.1962E+03  0.2010E+01
   0.1275E+02  0.2714E+02  0.9877E+02  0.8508E+02  0.1612E+02  0.1389E+02  0.1950E+03  0.2051E+01
   0.1300E+02  0.2608E+02  0.9540E+02  0.8512E+02  0.1628E+02  0.1453E+02  0.1940E+03  0.2091E+01
   0.1325E+02  0.2504E+02  0.9242E+02  0.8358E+02  0.1650E+02  0.1493E+02  0.1932E+03  0.2131E+01
   0.1350E+02  0.2398E+02  0.8957E+02  0.8032E+02  0.1678E+02  0.1505E+02  0.1925E+03  0.2171E+01
   0.1375E+02  0.2289E+02  0.8678E+02  0.7625E+02  0.1711E+02  0.1503E+02  0.1918E+03  0.2211E+01
   0.1400E+02  0.2181E+02  0.8409E+02  0.7261E+02  0.1747E+02  0.1509E+02  0.1909E+03  0.2252E+01
   0.1425E+02  0.2078E+02  0.8160E+02  0.7025E+02  0.1787E+02  0.1538E+02  0.1898E+03  0.2292E+01
   0.1450E+02  0.1983E+02  0.7938E+02  0.6942E+02  0.1829E+02  0.1600E+02  0.1885E+03  0.2332E+01
   0.1475E+02  0.1895E+02  0.7748E+02  0.6996E+02  0.1875E+02  0.1693E+02  0.1872E+03  0.2372E+01
   0.1500E+02  0.1814E+02  0.7592E+02  0.7156E+02  0.1927E+02  0.1816E+02  0.1858E+03  0.2412E+01
   0.1525E+02  0.1738E+02  0.7465E+02  0.7390E+02  0.1985E+02  0.1965E+02  0.1845E+03  0.2453E+01
   0.1550E+02  0.1665E+02  0.7366E+02  0.7664E+02  0.2052E+02  0.2135E+02  0.1832E+03  0.2493E+01
   0.1575E+02  0.1595E+02  0.7288E+02  0.7932E+02  0.2127E+02  0.2315E+02  0.1822E+03  0.2533E+01
   0.1600E+02  0.1526E+02  0.7223E+02  0.8144E+02  0.2211E+02  0.2492E+02  0.1814E+03  0.2573E+01
   0.1625E+02  0.1458E+02  0.7164E+02  0.8259E+02  0.2301E+02  0.2653E+02  0.1809E+03  0.2613E+01
   0.1650E+02  0.1394E+02  0.7103E+02  0.8264E+02  0.2395E+02  0.2787E+02  0.1806E+03  0.2654E+01
   0.1675E+02  0.1329E+02  0.7035E+02  0.8180E+02  0.2495E+02  0.2900E+02  0.1805E+03  0.2694E+01
   0.1700E+02  0.1263E+02  0.6961E+02  0.8039E+02  0.2606E+02  0.3009E+02  0.1804E+03  0.2734E+01
   0.1725E+02  0.1196E+02  0.6881E+02  0.7873E+02  0.2727E+02  0.3120E+02  0.1803E+03  0.2774E+01
   0.1750E+02  0.1134E+02  0.6798E+02  0.7701E+02  0.2851E+02  0.3229E+02  0.1803E+03  0.2814E+01
   0.1775E+02  0.1079E+02  0.6714E+02  0.7531E+02  0.2965E+02  0.3326E+02  0.1802E+03  0.2855E+01
   0.1800E+02  0.1032E+02  0.6630E+02  0.7380E+02  0.3070E+02  0.3417E+02  0.1801E+03  0.2895E+01
   0.1825E+02  0.9901E+01  0.6551E+02  0.7287E+02  0.3170E+02  0.3527E+02  0.1798E+03  0.2935E+01
   0.1850E+02  0.9493E+01  0.6482E+02  0.7307E+02  0.3280E+02  0.3698E+02  0.1795E+03  0.2975E+01
   0.1875E+02  0.9063E+01  0.6428E+02  0.7452E+02  0.3416E+02  0.3960E+02  0.1793E+03  0.3015E+01
   0.1900E+02  0.8596E+01  0.6390E+02  0.7638E+02  0.3588E+02  0.4288E+02  0.1792E+03  0.3056E+01
   0.1925E+02  0.8114E+01  0.6358E+02  0.7733E+02  0.3791E+02  0.4611E+02  0.1794E+03  0.3096E+01
   0.1950E+02  0.7642E+01  0.6320E+02  0.7657E+02  0.4010E+02  0.4857E+02  0.1800E+03  0.3136E+01
   0.1975E+02  0.7194E+01  0.6264E+02  0.7352E+02  0.4230E+02  0.4965E+02  0.1809E+03  0.3176E+01
   0.2000E+02  0.6775E+01  0.6177E+02  0.6761E+02  0.4438E+02  0.4858E+02  0.1820E+03  0.3216E+01
   0.2025E+02  0.6374E+01  0.6049E+02  0.5885E+02  0.4630E+02  0.4504E+02  0.1831E+03  0.3257E+01
   0.2050E+02  0.5971E+01  0.5840E+02  0.3599E+02  0.4781E+02  0.2946E+02  0.1839E+03  0.3297E+01
