 11085 0 0 0 0 0 0 0
   0.2500E+00  0.2207E+03  0.6226E+03  0.1151E+04  0.5386E+01  0.9961E+01  0.3518E+02  0.3921E-01
   0.5000E+00  0.1959E+03  0.5036E+03  0.9558E+03  0.4995E+01  0.9479E+01  0.4105E+02  0.7843E-01
   0.7500E+00  0.1679E+03  0.4636E+03  0.8905E+03  0.5451E+01  0.1047E+02  0.4646E+02  0.1176E+00
   0.1000E+01  0.1427E+03  0.4442E+03  0.8624E+03  0.6240E+01  0.1212E+02  0.5274E+02  0.1569E+00
   0.1250E+01  0.1233E+03  0.4311E+03  0.8347E+03  0.7115E+01  0.1377E+02  0.6076E+02  0.1961E+00
   0.1500E+01  0.1095E+03  0.4180E+03  0.7994E+03  0.7883E+01  0.1507E+02  0.6972E+02  0.2353E+00
   0.1750E+01  0.9994E+02  0.4039E+03  0.7646E+03  0.8455E+01  0.1601E+02  0.7868E+02  0.2745E+00
   0.2000E+01  0.9360E+02  0.3891E+03  0.7281E+03  0.8810E+01  0.1648E+02  0.8777E+02  0.3137E+00
   0.2250E+01  0.8926E+02  0.3717E+03  0.6754E+03  0.8932E+01  0.1623E+02  0.9727E+02  0.3529E+00
   0.2500E+01  0.8590E+02  0.3494E+03  0.6019E+03  0.8825E+01  0.1520E+02  0.1064E+03  0.3921E+00
   0.2750E+01  0.8283E+02  0.3236E+03  0.5280E+03  0.8569E+01  0.1398E+02  0.1134E+03  0.4313E+00
   0.3000E+01  0.7971E+02  0.2992E+03  0.4784E+03  0.8317E+01  0.1330E+02  0.1179E+03  0.4706E+00
   0.3250E+01  0.7643E+02  0.2798E+03  0.4536E+03  0.8191E+01  0.1328E+02  0.1208E+03  0.5098E+00
   0.3500E+01  0.7305E+02  0.2648E+03  0.4340E+03  0.8185E+01  0.1341E+02  0.1237E+03  0.5490E+00
   0.3750E+01  0.6976E+02  0.2512E+03  0.4064E+03  0.8204E+01  0.1327E+02  0.1272E+03  0.5882E+00
   0.4000E+01  0.6683E+02  0.2374E+03  0.3724E+03  0.8156E+01  0.1279E+02  0.1308E+03  0.6274E+00
   0.4250E+01  0.6446E+02  0.2231E+03  0.3383E+03  0.8011E+01  0.1215E+02  0.1338E+03  0.6666E+00
   0.4500E+01  0.6268E+02  0.2095E+03  0.3096E+03  0.7790E+01  0.1152E+02  0.1359E+03  0.7058E+00
   0.4750E+01  0.6146E+02  0.1972E+03  0.2884E+03  0.7530E+01  0.1102E+02  0.1372E+03  0.7451E+00
   0.5000E+01  0.6066E+02  0.1866E+03  0.2731E+03  0.7265E+01  0.1064E+02  0.1380E+03  0.7843E+00
   0.5250E+01  0.6011E+02  0.1775E+03  0.2608E+03  0.7018E+01  0.1031E+02  0.1386E+03  0.8235E+00
   0.5500E+01  0.5968E+02  0.1694E+03  0.2489E+03  0.6787E+01  0.9972E+01  0.1391E+03  0.8627E+00
   0.5750E+01  0.5931E+02  0.1621E+03  0.2368E+03  0.6570E+01  0.9599E+01  0.1395E+03  0.9019E+00
   0.6000E+01  0.5872E+02  0.1553E+03  0.2254E+03  0.6391E+01  0.9277E+01  0.1397E+03  0.9411E+00
   0.6250E+01  0.5763E+02  0.1492E+03  0.2172E+03  0.6288E+01  0.9151E+01  0.1395E+03  0.9803E+00
   0.6500E+01  0.5596E+02  0.1442E+03  0.2143E+03  0.6289E+01  0.9344E+01  0.1388E+03  0.1020E+01
   0.6750E+01  0.5389E+02  0.1407E+03  0.2171E+03  0.6396E+01  0.9869E+01  0.1379E+03  0.1059E+01
   0.7000E+01  0.5162E+02  0.1384E+03  0.2230E+03  0.6598E+01  0.1063E+02  0.1372E+03  0.1098E+01
   0.7250E+01  0.4913E+02  0.1372E+03  0.2295E+03  0.6898E+01  0.1154E+02  0.1369E+03  0.1137E+01
   0.7500E+01  0.4632E+02  0.1366E+03  0.2350E+03  0.7310E+01  0.1258E+02  0.1373E+03  0.1176E+01
   0.7750E+01  0.4341E+02  0.1362E+03  0.2385E+03  0.7808E+01  0.1367E+02  0.1384E+03  0.1216E+01
   0.8000E+01  0.4077E+02  0.1358E+03  0.2392E+03  0.8314E+01  0.1465E+02  0.1401E+03  0.1255E+01
   0.8250E+01  0.3859E+02  0.1350E+03  0.2367E+03  0.8762E+01  0.1536E+02  0.1424E+03  0.1294E+01
   0.8500E+01  0.3683E+02  0.1338E+03  0.2316E+03  0.9128E+01  0.1580E+02  0.1451E+03  0.1333E+01
   0.8750E+01  0.3540E+02  0.1321E+03  0.2248E+03  0.9408E+01  0.1600E+02  0.1479E+03  0.1372E+01
   0.9000E+01  0.3417E+02  0.1301E+03  0.2166E+03  0.9618E+01  0.1601E+02  0.1508E+03  0.1412E+01
   0.9250E+01  0.3304E+02  0.1277E+03  0.2079E+03  0.9791E+01  0.1595E+02  0.1536E+03  0.1451E+01
   0.9500E+01  0.3193E+02  0.1251E+03  0.2000E+03  0.9952E+01  0.1591E+02  0.1563E+03  0.1490E+01
   0.9750E+01  0.3083E+02  0.1225E+03  0.1933E+03  0.1012E+02  0.1596E+02  0.1588E+03  0.1529E+01
   0.1000E+02  0.2972E+02  0.1200E+03  0.1879E+03  0.1031E+02  0.1614E+02  0.1612E+03  0.1569E+01
   0.1025E+02  0.2858E+02  0.1176E+03  0.1833E+03  0.1053E+02  0.1641E+02  0.1636E+03  0.1608E+01
   0.1050E+02  0.2746E+02  0.1154E+03  0.1788E+03  0.1077E+02  0.1669E+02  0.1662E+03  0.1647E+01
   0.1075E+02  0.2641E+02  0.1131E+03  0.1741E+03  0.1101E+02  0.1694E+02  0.1690E+03  0.1686E+01
   0.1100E+02  0.2543E+02  0.1109E+03  0.1686E+03  0.1122E+02  0.1707E+02  0.1722E+03  0.1725E+01
   0.1125E+02  0.2450E+02  0.1084E+03  0.1609E+03  0.1141E+02  0.1693E+02  0.1756E+03  0.1765E+01
   0.1150E+02  0.2366E+02  0.1054E+03  0.1491E+03  0.1151E+02  0.1628E+02  0.1795E+03  0.1804E+01
   0.1175E+02  0.2295E+02  0.1017E+03  0.1324E+03  0.1146E+02  0.1494E+02  0.1837E+03  0.1843E+01
   0.1200E+02  0.2236E+02  0.9697E+02  0.1108E+03  0.1125E+02  0.1284E+02  0.1878E+03  0.1882E+01
   0.1225E+02  0.2183E+02  0.9125E+02  0.8445E+02  0.1086E+02  0.1005E+02  0.1917E+03  0.1921E+01
   0.1250E+02  0.2133E+02  0.8454E+02  0.5560E+02  0.1031E+02  0.6780E+01  0.1949E+03  0.1961E+01
   0.1275E+02  0.2085E+02  0.7718E+02  0.2802E+02  0.9642E+01  0.3501E+01  0.1969E+03  0.2000E+01
   0.1300E+02  0.2039E+02  0.6971E+02  0.5523E+01  0.8921E+01  0.7067E+00  0.1977E+03  0.2039E+01
   0.1325E+02  0.1987E+02  0.6269E+02  0.1000E-01  0.8242E+01  0.1315E-02  0.1973E+03  0.2078E+01
   0.1350E+02  0.1926E+02  0.5650E+02  0.1000E-01  0.7674E+01  0.1358E-02  0.1959E+03  0.2118E+01
   0.1375E+02  0.1857E+02  0.5126E+02  0.1000E-01  0.7232E+01  0.1411E-02  0.1940E+03  0.2157E+01
   0.1400E+02  0.1783E+02  0.4683E+02  0.1000E-01  0.6889E+01  0.1471E-02  0.1919E+03  0.2196E+01
   0.1425E+02  0.1707E+02  0.4299E+02  0.1000E-01  0.6613E+01  0.1538E-02  0.1897E+03  0.2235E+01
   0.1450E+02  0.1627E+02  0.3955E+02  0.1000E-01  0.6391E+01  0.1616E-02  0.1873E+03  0.2274E+01
   0.1475E+02  0.1535E+02  0.3640E+02  0.1000E-01  0.6241E+01  0.1715E-02  0.1849E+03  0.2314E+01
   0.1500E+02  0.1432E+02  0.3357E+02  0.1000E-01  0.6177E+01  0.1840E-02  0.1820E+03  0.2353E+01
   0.1525E+02  0.1329E+02  0.3131E+02  0.1000E-01  0.6215E+01  0.1985E-02  0.1787E+03  0.2392E+01
   0.1550E+02  0.1233E+02  0.2986E+02  0.1000E-01  0.6398E+01  0.2143E-02  0.1751E+03  0.2431E+01
   0.1575E+02  0.1143E+02  0.2915E+02  0.1000E-01  0.6742E+01  0.2313E-02  0.1719E+03  0.2470E+01
   0.1600E+02  0.1061E+02  0.2883E+02  0.6452E-01  0.7189E+01  0.1609E-01  0.1694E+03  0.2510E+01
   0.1625E+02  0.9917E+01  0.2861E+02  0.4583E+01  0.7640E+01  0.1224E+01  0.1675E+03  0.2549E+01
   0.1650E+02  0.9362E+01  0.2833E+02  0.6940E+01  0.8021E+01  0.1965E+01  0.1660E+03  0.2588E+01
   0.1675E+02  0.8918E+01  0.2792E+02  0.7216E+01  0.8307E+01  0.2147E+01  0.1649E+03  0.2627E+01
   0.1700E+02  0.8535E+01  0.2737E+02  0.6371E+01  0.8514E+01  0.1982E+01  0.1639E+03  0.2667E+01
   0.1725E+02  0.8180E+01  0.2672E+02  0.5697E+01  0.8682E+01  0.1851E+01  0.1630E+03  0.2706E+01
   0.1750E+02  0.7838E+01  0.2605E+02  0.5201E+01  0.8839E+01  0.1765E+01  0.1623E+03  0.2745E+01
   0.1775E+02  0.7495E+01  0.2532E+02  0.4313E+01  0.8992E+01  0.1532E+01  0.1620E+03  0.2784E+01
   0.1800E+02  0.7133E+01  0.2438E+02  0.1673E+01  0.9103E+01  0.6247E+00  0.1623E+03  0.2823E+01
   0.1825E+02  0.6757E+01  0.2240E+02  0.1000E-01  0.8835E+01  0.3944E-02  0.1643E+03  0.2863E+01
   0.1850E+02  0.6399E+01  0.1318E+02  0.1000E-01  0.5493E+01  0.4168E-02  0.1695E+03  0.2902E+01
