 10047 0 0 0 0 0 0 0
   0.2500E+00  0.1813E+04  0.4075E+03  0.7533E+03  0.4407E+00  0.8147E+00  0.5998E+01  0.2981E-01
   0.5000E+00  0.1492E+04  0.4059E+03  0.7497E+03  0.5423E+00  0.1002E+01  0.9637E+01  0.5961E-01
   0.7500E+00  0.1156E+04  0.4057E+03  0.7487E+03  0.7111E+00  0.1312E+01  0.1396E+02  0.8942E-01
   0.1000E+01  0.8655E+03  0.4055E+03  0.7477E+03  0.9646E+00  0.1778E+01  0.1853E+02  0.1192E+00
   0.1250E+01  0.6429E+03  0.4054E+03  0.7467E+03  0.1318E+01  0.2428E+01  0.2316E+02  0.1490E+00
   0.1500E+01  0.4853E+03  0.4051E+03  0.7457E+03  0.1771E+01  0.3260E+01  0.2779E+02  0.1788E+00
   0.1750E+01  0.3783E+03  0.4048E+03  0.7447E+03  0.2303E+01  0.4238E+01  0.3242E+02  0.2086E+00
   0.2000E+01  0.3053E+03  0.4044E+03  0.7436E+03  0.2892E+01  0.5317E+01  0.3705E+02  0.2384E+00
   0.2250E+01  0.2541E+03  0.4040E+03  0.7424E+03  0.3518E+01  0.6465E+01  0.4168E+02  0.2683E+00
   0.2500E+01  0.2173E+03  0.4036E+03  0.7411E+03  0.4164E+01  0.7647E+01  0.4631E+02  0.2981E+00
   0.2750E+01  0.1903E+03  0.4031E+03  0.7397E+03  0.4810E+01  0.8827E+01  0.5094E+02  0.3279E+00
   0.3000E+01  0.1702E+03  0.4026E+03  0.7382E+03  0.5439E+01  0.9974E+01  0.5557E+02  0.3577E+00
   0.3250E+01  0.1549E+03  0.4020E+03  0.7367E+03  0.6037E+01  0.1106E+02  0.6020E+02  0.3875E+00
   0.3500E+01  0.1433E+03  0.4014E+03  0.7350E+03  0.6594E+01  0.1207E+02  0.6483E+02  0.4173E+00
   0.3750E+01  0.1341E+03  0.4008E+03  0.7332E+03  0.7112E+01  0.1301E+02  0.6946E+02  0.4471E+00
   0.4000E+01  0.1266E+03  0.4001E+03  0.7314E+03  0.7599E+01  0.1389E+02  0.7410E+02  0.4769E+00
   0.4250E+01  0.1205E+03  0.3994E+03  0.7296E+03  0.8057E+01  0.1472E+02  0.7873E+02  0.5067E+00
   0.4500E+01  0.1154E+03  0.3987E+03  0.7278E+03  0.8481E+01  0.1548E+02  0.8336E+02  0.5365E+00
   0.4750E+01  0.1112E+03  0.3980E+03  0.7264E+03  0.8868E+01  0.1618E+02  0.8801E+02  0.5663E+00
   0.5000E+01  0.1077E+03  0.3974E+03  0.7253E+03  0.9225E+01  0.1684E+02  0.9273E+02  0.5961E+00
   0.5250E+01  0.1045E+03  0.3967E+03  0.7234E+03  0.9574E+01  0.1746E+02  0.9763E+02  0.6259E+00
   0.5500E+01  0.1014E+03  0.3958E+03  0.7194E+03  0.9929E+01  0.1805E+02  0.1027E+03  0.6557E+00
   0.5750E+01  0.9832E+02  0.3944E+03  0.7138E+03  0.1029E+02  0.1863E+02  0.1078E+03  0.6855E+00
   0.6000E+01  0.9527E+02  0.3929E+03  0.7084E+03  0.1066E+02  0.1923E+02  0.1127E+03  0.7153E+00
   0.6250E+01  0.9241E+02  0.3912E+03  0.7040E+03  0.1103E+02  0.1985E+02  0.1174E+03  0.7452E+00
   0.6500E+01  0.8977E+02  0.3896E+03  0.7000E+03  0.1139E+02  0.2047E+02  0.1220E+03  0.7750E+00
   0.6750E+01  0.8729E+02  0.3880E+03  0.6959E+03  0.1175E+02  0.2107E+02  0.1267E+03  0.8048E+00
   0.7000E+01  0.8485E+02  0.3864E+03  0.6918E+03  0.1212E+02  0.2170E+02  0.1313E+03  0.8346E+00
   0.7250E+01  0.8245E+02  0.3847E+03  0.6874E+03  0.1250E+02  0.2233E+02  0.1359E+03  0.8644E+00
   0.7500E+01  0.8018E+02  0.3830E+03  0.6830E+03  0.1288E+02  0.2296E+02  0.1406E+03  0.8942E+00
   0.7750E+01  0.7806E+02  0.3813E+03  0.6783E+03  0.1324E+02  0.2356E+02  0.1452E+03  0.9240E+00
   0.8000E+01  0.7607E+02  0.3795E+03  0.6735E+03  0.1360E+02  0.2415E+02  0.1498E+03  0.9538E+00
   0.8250E+01  0.7420E+02  0.3776E+03  0.6685E+03  0.1396E+02  0.2471E+02  0.1545E+03  0.9836E+00
   0.8500E+01  0.7248E+02  0.3757E+03  0.6633E+03  0.1429E+02  0.2524E+02  0.1591E+03  0.1013E+01
   0.8750E+01  0.7083E+02  0.3737E+03  0.6580E+03  0.1462E+02  0.2575E+02  0.1637E+03  0.1043E+01
   0.9000E+01  0.6920E+02  0.3716E+03  0.6525E+03  0.1496E+02  0.2626E+02  0.1684E+03  0.1073E+01
   0.9250E+01  0.6754E+02  0.3695E+03  0.6469E+03  0.1531E+02  0.2680E+02  0.1730E+03  0.1103E+01
   0.9500E+01  0.6583E+02  0.3674E+03  0.6411E+03  0.1569E+02  0.2738E+02  0.1776E+03  0.1133E+01
   0.9750E+01  0.6400E+02  0.3652E+03  0.6354E+03  0.1611E+02  0.2804E+02  0.1823E+03  0.1162E+01
   0.1000E+02  0.6210E+02  0.3630E+03  0.6299E+03  0.1658E+02  0.2877E+02  0.1869E+03  0.1192E+01
   0.1025E+02  0.6018E+02  0.3608E+03  0.6248E+03  0.1707E+02  0.2957E+02  0.1916E+03  0.1222E+01
   0.1050E+02  0.5827E+02  0.3585E+03  0.6190E+03  0.1759E+02  0.3038E+02  0.1964E+03  0.1252E+01
   0.1075E+02  0.5637E+02  0.3560E+03  0.6106E+03  0.1813E+02  0.3109E+02  0.2015E+03  0.1282E+01
   0.1100E+02  0.5448E+02  0.3532E+03  0.5994E+03  0.1868E+02  0.3170E+02  0.2066E+03  0.1311E+01
   0.1125E+02  0.5256E+02  0.3499E+03  0.5880E+03  0.1925E+02  0.3234E+02  0.2115E+03  0.1341E+01
   0.1150E+02  0.5066E+02  0.3465E+03  0.5777E+03  0.1985E+02  0.3309E+02  0.2163E+03  0.1371E+01
   0.1175E+02  0.4889E+02  0.3430E+03  0.5680E+03  0.2043E+02  0.3383E+02  0.2209E+03  0.1401E+01
   0.1200E+02  0.4737E+02  0.3395E+03  0.5583E+03  0.2094E+02  0.3443E+02  0.2256E+03  0.1431E+01
   0.1225E+02  0.4610E+02  0.3359E+03  0.5482E+03  0.2135E+02  0.3485E+02  0.2302E+03  0.1461E+01
   0.1250E+02  0.4499E+02  0.3322E+03  0.5376E+03  0.2170E+02  0.3512E+02  0.2348E+03  0.1490E+01
   0.1275E+02  0.4395E+02  0.3284E+03  0.5264E+03  0.2202E+02  0.3530E+02  0.2394E+03  0.1520E+01
   0.1300E+02  0.4297E+02  0.3244E+03  0.5146E+03  0.2231E+02  0.3540E+02  0.2440E+03  0.1550E+01
   0.1325E+02  0.4213E+02  0.3202E+03  0.5022E+03  0.2253E+02  0.3534E+02  0.2485E+03  0.1580E+01
   0.1350E+02  0.4150E+02  0.3159E+03  0.4896E+03  0.2263E+02  0.3507E+02  0.2530E+03  0.1610E+01
   0.1375E+02  0.4102E+02  0.3115E+03  0.4777E+03  0.2263E+02  0.3471E+02  0.2574E+03  0.1639E+01
   0.1400E+02  0.4059E+02  0.3072E+03  0.4688E+03  0.2262E+02  0.3451E+02  0.2618E+03  0.1669E+01
   0.1425E+02  0.4009E+02  0.3031E+03  0.4617E+03  0.2265E+02  0.3450E+02  0.2664E+03  0.1699E+01
   0.1450E+02  0.3951E+02  0.2985E+03  0.4447E+03  0.2269E+02  0.3380E+02  0.2718E+03  0.1729E+01
   0.1475E+02  0.3884E+02  0.2923E+03  0.4064E+03  0.2265E+02  0.3149E+02  0.2779E+03  0.1759E+01
   0.1500E+02  0.3812E+02  0.2838E+03  0.3591E+03  0.2246E+02  0.2842E+02  0.2832E+03  0.1788E+01
   0.1525E+02  0.3745E+02  0.2744E+03  0.3245E+03  0.2215E+02  0.2620E+02  0.2867E+03  0.1818E+01
   0.1550E+02  0.3693E+02  0.2657E+03  0.3059E+03  0.2180E+02  0.2510E+02  0.2888E+03  0.1848E+01
   0.1575E+02  0.3651E+02  0.2581E+03  0.2948E+03  0.2146E+02  0.2452E+02  0.2903E+03  0.1878E+01
   0.1600E+02  0.3601E+02  0.2513E+03  0.2856E+03  0.2123E+02  0.2414E+02  0.2916E+03  0.1908E+01
   0.1625E+02  0.3535E+02  0.2451E+03  0.2766E+03  0.2113E+02  0.2386E+02  0.2928E+03  0.1937E+01
   0.1650E+02  0.3454E+02  0.2392E+03  0.2673E+03  0.2115E+02  0.2364E+02  0.2940E+03  0.1967E+01
   0.1675E+02  0.3360E+02  0.2335E+03  0.2578E+03  0.2127E+02  0.2348E+02  0.2951E+03  0.1997E+01
   0.1700E+02  0.3255E+02  0.2281E+03  0.2488E+03  0.2148E+02  0.2343E+02  0.2962E+03  0.2027E+01
   0.1725E+02  0.3139E+02  0.2229E+03  0.2403E+03  0.2181E+02  0.2351E+02  0.2971E+03  0.2057E+01
   0.1750E+02  0.3023E+02  0.2178E+03  0.2322E+03  0.2217E+02  0.2363E+02  0.2980E+03  0.2086E+01
   0.1775E+02  0.2916E+02  0.2130E+03  0.2243E+03  0.2251E+02  0.2371E+02  0.2988E+03  0.2116E+01
   0.1800E+02  0.2820E+02  0.2083E+03  0.2166E+03  0.2281E+02  0.2372E+02  0.2995E+03  0.2146E+01
   0.1825E+02  0.2731E+02  0.2038E+03  0.2092E+03  0.2307E+02  0.2368E+02  0.3001E+03  0.2176E+01
   0.1850E+02  0.2648E+02  0.1994E+03  0.2019E+03  0.2332E+02  0.2362E+02  0.3007E+03  0.2206E+01
   0.1875E+02  0.2565E+02  0.1951E+03  0.1949E+03  0.2360E+02  0.2357E+02  0.3012E+03  0.2235E+01
   0.1900E+02  0.2481E+02  0.1910E+03  0.1881E+03  0.2391E+02  0.2355E+02  0.3017E+03  0.2265E+01
   0.1925E+02  0.2393E+02  0.1869E+03  0.1815E+03  0.2431E+02  0.2360E+02  0.3021E+03  0.2295E+01
   0.1950E+02  0.2297E+02  0.1830E+03  0.1750E+03  0.2483E+02  0.2374E+02  0.3024E+03  0.2325E+01
   0.1975E+02  0.2197E+02  0.1792E+03  0.1688E+03  0.2546E+02  0.2398E+02  0.3027E+03  0.2355E+01
   0.2000E+02  0.2099E+02  0.1755E+03  0.1628E+03  0.2613E+02  0.2423E+02  0.3029E+03  0.2384E+01
   0.2025E+02  0.2010E+02  0.1719E+03  0.1569E+03  0.2676E+02  0.2443E+02  0.3030E+03  0.2414E+01
   0.2050E+02  0.1933E+02  0.1684E+03  0.1513E+03  0.2731E+02  0.2453E+02  0.3031E+03  0.2444E+01
   0.2075E+02  0.1863E+02  0.1650E+03  0.1460E+03  0.2779E+02  0.2458E+02  0.3031E+03  0.2474E+01
   0.2100E+02  0.1795E+02  0.1618E+03  0.1409E+03  0.2831E+02  0.2466E+02  0.3030E+03  0.2504E+01
   0.2125E+02  0.1723E+02  0.1586E+03  0.1361E+03  0.2893E+02  0.2483E+02  0.3028E+03  0.2534E+01
   0.2150E+02  0.1652E+02  0.1555E+03  0.1315E+03  0.2964E+02  0.2507E+02  0.3026E+03  0.2563E+01
   0.2175E+02  0.1584E+02  0.1525E+03  0.1272E+03  0.3035E+02  0.2533E+02  0.3023E+03  0.2593E+01
   0.2200E+02  0.1519E+02  0.1496E+03  0.1232E+03  0.3108E+02  0.2559E+02  0.3020E+03  0.2623E+01
   0.2225E+02  0.1457E+02  0.1468E+03  0.1194E+03  0.3184E+02  0.2588E+02  0.3016E+03  0.2653E+01
   0.2250E+02  0.1397E+02  0.1442E+03  0.1158E+03  0.3263E+02  0.2622E+02  0.3011E+03  0.2683E+01
   0.2275E+02  0.1341E+02  0.1416E+03  0.1126E+03  0.3342E+02  0.2657E+02  0.3006E+03  0.2712E+01
   0.2300E+02  0.1292E+02  0.1391E+03  0.1096E+03  0.3412E+02  0.2688E+02  0.3000E+03  0.2742E+01
   0.2325E+02  0.1248E+02  0.1367E+03  0.1069E+03  0.3475E+02  0.2717E+02  0.2993E+03  0.2772E+01
   0.2350E+02  0.1204E+02  0.1345E+03  0.1046E+03  0.3546E+02  0.2758E+02  0.2985E+03  0.2802E+01
   0.2375E+02  0.1156E+02  0.1323E+03  0.1026E+03  0.3636E+02  0.2818E+02  0.2977E+03  0.2832E+01
   0.2400E+02  0.1107E+02  0.1303E+03  0.1009E+03  0.3743E+02  0.2899E+02  0.2969E+03  0.2861E+01
   0.2425E+02  0.1061E+02  0.1284E+03  0.9960E+02  0.3853E+02  0.2990E+02  0.2959E+03  0.2891E+01
   0.2450E+02  0.1020E+02  0.1266E+03  0.9873E+02  0.3954E+02  0.3085E+02  0.2949E+03  0.2921E+01
   0.2475E+02  0.9834E+01  0.1249E+03  0.9833E+02  0.4051E+02  0.3189E+02  0.2939E+03  0.2951E+01
   0.2500E+02  0.9484E+01  0.1234E+03  0.9842E+02  0.4152E+02  0.3312E+02  0.2927E+03  0.2981E+01
   0.2525E+02  0.9153E+01  0.1220E+03  0.9905E+02  0.4257E+02  0.3457E+02  0.2915E+03  0.3010E+01
   0.2550E+02  0.8867E+01  0.1207E+03  0.1003E+03  0.4354E+02  0.3618E+02  0.2902E+03  0.3040E+01
   0.2575E+02  0.8637E+01  0.1197E+03  0.1029E+03  0.4435E+02  0.3812E+02  0.2889E+03  0.3070E+01
   0.2600E+02  0.8448E+01  0.1190E+03  0.1078E+03  0.4510E+02  0.4088E+02  0.2873E+03  0.3100E+01
   0.2625E+02  0.8267E+01  0.1187E+03  0.1164E+03  0.4600E+02  0.4514E+02  0.2857E+03  0.3130E+01
   0.2650E+02  0.8052E+01  0.1190E+03  0.1302E+03  0.4738E+02  0.5184E+02  0.2842E+03  0.3159E+01
   0.2675E+02  0.7797E+01  0.1208E+03  0.1733E+03  0.4970E+02  0.7132E+02  0.2830E+03  0.3189E+01
