 12678 0 0 0 0 0 0 0
   0.2500E+00  0.5287E+03  0.5334E+03  0.1004E+04  0.2074E+01  0.3903E+01  0.8732E+01  0.3384E-01
   0.5000E+00  0.4981E+03  0.5302E+03  0.9958E+03  0.2250E+01  0.4226E+01  0.1442E+02  0.6767E-01
   0.7500E+00  0.4533E+03  0.5295E+03  0.9924E+03  0.2539E+01  0.4759E+01  0.2104E+02  0.1015E+00
   0.1000E+01  0.4004E+03  0.5288E+03  0.9891E+03  0.2951E+01  0.5520E+01  0.2798E+02  0.1353E+00
   0.1250E+01  0.3479E+03  0.5279E+03  0.9856E+03  0.3485E+01  0.6508E+01  0.3496E+02  0.1692E+00
   0.1500E+01  0.3006E+03  0.5267E+03  0.9819E+03  0.4136E+01  0.7711E+01  0.4196E+02  0.2030E+00
   0.1750E+01  0.2601E+03  0.5254E+03  0.9782E+03  0.4897E+01  0.9117E+01  0.4895E+02  0.2369E+00
   0.2000E+01  0.2265E+03  0.5240E+03  0.9746E+03  0.5761E+01  0.1072E+02  0.5597E+02  0.2707E+00
   0.2250E+01  0.1984E+03  0.5226E+03  0.9713E+03  0.6733E+01  0.1251E+02  0.6311E+02  0.3045E+00
   0.2500E+01  0.1751E+03  0.5210E+03  0.9665E+03  0.7806E+01  0.1448E+02  0.7050E+02  0.3384E+00
   0.2750E+01  0.1564E+03  0.5187E+03  0.9579E+03  0.8929E+01  0.1649E+02  0.7815E+02  0.3722E+00
   0.3000E+01  0.1418E+03  0.5155E+03  0.9476E+03  0.1004E+02  0.1845E+02  0.8576E+02  0.4060E+00
   0.3250E+01  0.1305E+03  0.5120E+03  0.9391E+03  0.1110E+02  0.2036E+02  0.9327E+02  0.4399E+00
   0.3500E+01  0.1214E+03  0.5082E+03  0.9284E+03  0.1214E+02  0.2217E+02  0.1011E+03  0.4737E+00
   0.3750E+01  0.1136E+03  0.5028E+03  0.9072E+03  0.1315E+02  0.2372E+02  0.1094E+03  0.5076E+00
   0.4000E+01  0.1066E+03  0.4948E+03  0.8737E+03  0.1412E+02  0.2493E+02  0.1177E+03  0.5414E+00
   0.4250E+01  0.1001E+03  0.4847E+03  0.8397E+03  0.1507E+02  0.2611E+02  0.1249E+03  0.5752E+00
   0.4500E+01  0.9397E+02  0.4744E+03  0.8161E+03  0.1607E+02  0.2765E+02  0.1309E+03  0.6091E+00
   0.4750E+01  0.8835E+02  0.4647E+03  0.7934E+03  0.1712E+02  0.2923E+02  0.1365E+03  0.6429E+00
   0.5000E+01  0.8347E+02  0.4541E+03  0.7589E+03  0.1810E+02  0.3024E+02  0.1421E+03  0.6767E+00
   0.5250E+01  0.7939E+02  0.4420E+03  0.7199E+03  0.1892E+02  0.3081E+02  0.1466E+03  0.7106E+00
   0.5500E+01  0.7587E+02  0.4305E+03  0.6972E+03  0.1968E+02  0.3188E+02  0.1490E+03  0.7444E+00
   0.5750E+01  0.7267E+02  0.4226E+03  0.7027E+03  0.2058E+02  0.3422E+02  0.1496E+03  0.7783E+00
   0.6000E+01  0.6980E+02  0.4195E+03  0.7250E+03  0.2169E+02  0.3749E+02  0.1501E+03  0.8121E+00
   0.6250E+01  0.6715E+02  0.4196E+03  0.7471E+03  0.2299E+02  0.4092E+02  0.1520E+03  0.8459E+00
   0.6500E+01  0.6449E+02  0.4211E+03  0.7631E+03  0.2447E+02  0.4434E+02  0.1556E+03  0.8798E+00
   0.6750E+01  0.6176E+02  0.4227E+03  0.7725E+03  0.2611E+02  0.4772E+02  0.1608E+03  0.9136E+00
   0.7000E+01  0.5919E+02  0.4235E+03  0.7737E+03  0.2778E+02  0.5075E+02  0.1673E+03  0.9474E+00
   0.7250E+01  0.5684E+02  0.4229E+03  0.7641E+03  0.2938E+02  0.5308E+02  0.1751E+03  0.9813E+00
   0.7500E+01  0.5456E+02  0.4201E+03  0.7427E+03  0.3091E+02  0.5464E+02  0.1837E+03  0.1015E+01
   0.7750E+01  0.5239E+02  0.4146E+03  0.7096E+03  0.3227E+02  0.5524E+02  0.1926E+03  0.1049E+01
   0.8000E+01  0.5057E+02  0.4061E+03  0.6646E+03  0.3325E+02  0.5442E+02  0.2015E+03  0.1083E+01
   0.8250E+01  0.4922E+02  0.3946E+03  0.6090E+03  0.3369E+02  0.5200E+02  0.2097E+03  0.1117E+01
   0.8500E+01  0.4847E+02  0.3805E+03  0.5504E+03  0.3347E+02  0.4840E+02  0.2165E+03  0.1150E+01
   0.8750E+01  0.4844E+02  0.3652E+03  0.4983E+03  0.3259E+02  0.4447E+02  0.2216E+03  0.1184E+01
   0.9000E+01  0.4896E+02  0.3500E+03  0.4569E+03  0.3131E+02  0.4087E+02  0.2249E+03  0.1218E+01
   0.9250E+01  0.4962E+02  0.3358E+03  0.4264E+03  0.3003E+02  0.3813E+02  0.2268E+03  0.1252E+01
   0.9500E+01  0.4990E+02  0.3232E+03  0.4064E+03  0.2910E+02  0.3658E+02  0.2275E+03  0.1286E+01
   0.9750E+01  0.4949E+02  0.3125E+03  0.3956E+03  0.2871E+02  0.3634E+02  0.2275E+03  0.1320E+01
   0.1000E+02  0.4837E+02  0.3036E+03  0.3915E+03  0.2887E+02  0.3722E+02  0.2270E+03  0.1353E+01
   0.1025E+02  0.4681E+02  0.2964E+03  0.3909E+03  0.2945E+02  0.3883E+02  0.2265E+03  0.1387E+01
   0.1050E+02  0.4514E+02  0.2905E+03  0.3911E+03  0.3025E+02  0.4073E+02  0.2261E+03  0.1421E+01
   0.1075E+02  0.4350E+02  0.2854E+03  0.3906E+03  0.3116E+02  0.4265E+02  0.2259E+03  0.1455E+01
   0.1100E+02  0.4186E+02  0.2809E+03  0.3894E+03  0.3219E+02  0.4462E+02  0.2258E+03  0.1489E+01
   0.1125E+02  0.4024E+02  0.2768E+03  0.3881E+03  0.3332E+02  0.4671E+02  0.2260E+03  0.1523E+01
   0.1150E+02  0.3880E+02  0.2732E+03  0.3873E+03  0.3442E+02  0.4879E+02  0.2262E+03  0.1557E+01
   0.1175E+02  0.3761E+02  0.2700E+03  0.3869E+03  0.3540E+02  0.5073E+02  0.2265E+03  0.1590E+01
   0.1200E+02  0.3663E+02  0.2671E+03  0.3865E+03  0.3628E+02  0.5250E+02  0.2270E+03  0.1624E+01
   0.1225E+02  0.3573E+02  0.2645E+03  0.3859E+03  0.3713E+02  0.5417E+02  0.2277E+03  0.1658E+01
   0.1250E+02  0.3486E+02  0.2620E+03  0.3850E+03  0.3801E+02  0.5584E+02  0.2286E+03  0.1692E+01
   0.1275E+02  0.3400E+02  0.2598E+03  0.3839E+03  0.3894E+02  0.5754E+02  0.2296E+03  0.1726E+01
   0.1300E+02  0.3314E+02  0.2576E+03  0.3826E+03  0.3991E+02  0.5927E+02  0.2309E+03  0.1760E+01
   0.1325E+02  0.3231E+02  0.2556E+03  0.3804E+03  0.4091E+02  0.6089E+02  0.2324E+03  0.1793E+01
   0.1350E+02  0.3152E+02  0.2534E+03  0.3755E+03  0.4187E+02  0.6205E+02  0.2342E+03  0.1827E+01
   0.1375E+02  0.3074E+02  0.2508E+03  0.3667E+03  0.4278E+02  0.6255E+02  0.2362E+03  0.1861E+01
   0.1400E+02  0.2994E+02  0.2478E+03  0.3555E+03  0.4368E+02  0.6268E+02  0.2382E+03  0.1895E+01
   0.1425E+02  0.2914E+02  0.2445E+03  0.3448E+03  0.4458E+02  0.6286E+02  0.2399E+03  0.1929E+01
   0.1450E+02  0.2836E+02  0.2412E+03  0.3366E+03  0.4546E+02  0.6344E+02  0.2412E+03  0.1963E+01
   0.1475E+02  0.2759E+02  0.2381E+03  0.3318E+03  0.4641E+02  0.6467E+02  0.2421E+03  0.1996E+01
   0.1500E+02  0.2681E+02  0.2355E+03  0.3302E+03  0.4750E+02  0.6661E+02  0.2429E+03  0.2030E+01
   0.1525E+02  0.2604E+02  0.2333E+03  0.3304E+03  0.4872E+02  0.6901E+02  0.2436E+03  0.2064E+01
   0.1550E+02  0.2532E+02  0.2314E+03  0.3310E+03  0.4999E+02  0.7151E+02  0.2445E+03  0.2098E+01
   0.1575E+02  0.2462E+02  0.2297E+03  0.3309E+03  0.5131E+02  0.7391E+02  0.2456E+03  0.2132E+01
   0.1600E+02  0.2386E+02  0.2281E+03  0.3293E+03  0.5285E+02  0.7629E+02  0.2469E+03  0.2166E+01
   0.1625E+02  0.2298E+02  0.2265E+03  0.3259E+03  0.5474E+02  0.7879E+02  0.2483E+03  0.2199E+01
   0.1650E+02  0.2203E+02  0.2248E+03  0.3219E+03  0.5696E+02  0.8160E+02  0.2496E+03  0.2233E+01
   0.1675E+02  0.2110E+02  0.2232E+03  0.3217E+03  0.5934E+02  0.8553E+02  0.2506E+03  0.2267E+01
   0.1700E+02  0.2026E+02  0.2223E+03  0.3305E+03  0.6185E+02  0.9193E+02  0.2514E+03  0.2301E+01
   0.1725E+02  0.1948E+02  0.2224E+03  0.3447E+03  0.6466E+02  0.1002E+03  0.2526E+03  0.2335E+01
   0.1750E+02  0.1870E+02  0.2229E+03  0.3521E+03  0.6780E+02  0.1071E+03  0.2551E+03  0.2369E+01
   0.1775E+02  0.1793E+02  0.2228E+03  0.3466E+03  0.7096E+02  0.1104E+03  0.2588E+03  0.2402E+01
   0.1800E+02  0.1719E+02  0.2216E+03  0.3326E+03  0.7391E+02  0.1109E+03  0.2629E+03  0.2436E+01
   0.1825E+02  0.1645E+02  0.2194E+03  0.3165E+03  0.7681E+02  0.1108E+03  0.2668E+03  0.2470E+01
   0.1850E+02  0.1567E+02  0.2169E+03  0.3041E+03  0.8006E+02  0.1123E+03  0.2702E+03  0.2504E+01
   0.1875E+02  0.1481E+02  0.2144E+03  0.2978E+03  0.8404E+02  0.1167E+03  0.2731E+03  0.2538E+01
   0.1900E+02  0.1391E+02  0.2122E+03  0.2940E+03  0.8890E+02  0.1232E+03  0.2761E+03  0.2572E+01
   0.1925E+02  0.1303E+02  0.2100E+03  0.2869E+03  0.9427E+02  0.1288E+03  0.2794E+03  0.2605E+01
   0.1950E+02  0.1229E+02  0.2075E+03  0.2767E+03  0.9912E+02  0.1322E+03  0.2830E+03  0.2639E+01
   0.1975E+02  0.1175E+02  0.2048E+03  0.2670E+03  0.1027E+03  0.1339E+03  0.2867E+03  0.2673E+01
   0.2000E+02  0.1135E+02  0.2018E+03  0.2571E+03  0.1051E+03  0.1339E+03  0.2907E+03  0.2707E+01
   0.2025E+02  0.1096E+02  0.1983E+03  0.2387E+03  0.1073E+03  0.1292E+03  0.2953E+03  0.2741E+01
   0.2050E+02  0.1047E+02  0.1934E+03  0.2046E+03  0.1100E+03  0.1164E+03  0.3004E+03  0.2775E+01
   0.2075E+02  0.9858E+01  0.1868E+03  0.1602E+03  0.1131E+03  0.9704E+02  0.3050E+03  0.2808E+01
   0.2100E+02  0.9217E+01  0.1788E+03  0.1174E+03  0.1162E+03  0.7626E+02  0.3081E+03  0.2842E+01
   0.2125E+02  0.8626E+01  0.1703E+03  0.8192E+02  0.1186E+03  0.5705E+02  0.3096E+03  0.2876E+01
   0.2150E+02  0.8121E+01  0.1618E+03  0.5216E+02  0.1200E+03  0.3870E+02  0.3097E+03  0.2910E+01
   0.2175E+02  0.7709E+01  0.1513E+03  0.1000E-01  0.1186E+03  0.7838E-02  0.3089E+03  0.2944E+01
