 1053 0 0 0 0 0 0 0
   0.2500E+00  0.6173E+03  0.8750E+03  0.1704E+04  0.2333E+01  0.4544E+01  0.4709E+02  0.4127E-01
   0.5000E+00  0.5488E+03  0.6515E+03  0.1239E+04  0.1958E+01  0.3724E+01  0.6092E+02  0.8254E-01
   0.7500E+00  0.4675E+03  0.5408E+03  0.1000E+04  0.1911E+01  0.3535E+01  0.7260E+02  0.1238E+00
   0.1000E+01  0.3870E+03  0.4617E+03  0.8285E+03  0.1974E+01  0.3542E+01  0.8272E+02  0.1651E+00
   0.1250E+01  0.3178E+03  0.3981E+03  0.6919E+03  0.2074E+01  0.3605E+01  0.9133E+02  0.2064E+00
   0.1500E+01  0.2645E+03  0.3453E+03  0.5838E+03  0.2163E+01  0.3658E+01  0.9854E+02  0.2476E+00
   0.1750E+01  0.2263E+03  0.2988E+03  0.4808E+03  0.2189E+01  0.3522E+01  0.1050E+03  0.2889E+00
   0.2000E+01  0.2001E+03  0.2544E+03  0.3719E+03  0.2107E+01  0.3081E+01  0.1104E+03  0.3302E+00
   0.2250E+01  0.1818E+03  0.2136E+03  0.2879E+03  0.1948E+01  0.2624E+01  0.1131E+03  0.3714E+00
   0.2500E+01  0.1683E+03  0.1822E+03  0.2475E+03  0.1794E+01  0.2437E+01  0.1131E+03  0.4127E+00
   0.2750E+01  0.1579E+03  0.1611E+03  0.2329E+03  0.1689E+01  0.2442E+01  0.1122E+03  0.4540E+00
   0.3000E+01  0.1501E+03  0.1469E+03  0.2231E+03  0.1619E+01  0.2459E+01  0.1118E+03  0.4953E+00
   0.3250E+01  0.1441E+03  0.1357E+03  0.2089E+03  0.1556E+01  0.2396E+01  0.1123E+03  0.5365E+00
   0.3500E+01  0.1391E+03  0.1252E+03  0.1879E+03  0.1485E+01  0.2230E+01  0.1134E+03  0.5778E+00
   0.3750E+01  0.1345E+03  0.1147E+03  0.1645E+03  0.1406E+01  0.2016E+01  0.1145E+03  0.6191E+00
   0.4000E+01  0.1302E+03  0.1049E+03  0.1467E+03  0.1327E+01  0.1855E+01  0.1149E+03  0.6603E+00
   0.4250E+01  0.1261E+03  0.9675E+02  0.1380E+03  0.1262E+01  0.1799E+01  0.1147E+03  0.7016E+00
   0.4500E+01  0.1223E+03  0.9060E+02  0.1342E+03  0.1216E+01  0.1801E+01  0.1146E+03  0.7429E+00
   0.4750E+01  0.1190E+03  0.8557E+02  0.1284E+03  0.1179E+01  0.1768E+01  0.1149E+03  0.7842E+00
   0.5000E+01  0.1158E+03  0.8082E+02  0.1193E+03  0.1143E+01  0.1686E+01  0.1154E+03  0.8254E+00
   0.5250E+01  0.1124E+03  0.7635E+02  0.1125E+03  0.1110E+01  0.1634E+01  0.1159E+03  0.8667E+00
   0.5500E+01  0.1088E+03  0.7268E+02  0.1103E+03  0.1089E+01  0.1652E+01  0.1161E+03  0.9080E+00
   0.5750E+01  0.1052E+03  0.6992E+02  0.1103E+03  0.1082E+01  0.1707E+01  0.1166E+03  0.9492E+00
   0.6000E+01  0.1016E+03  0.6775E+02  0.1099E+03  0.1084E+01  0.1758E+01  0.1177E+03  0.9905E+00
   0.6250E+01  0.9834E+02  0.6575E+02  0.1076E+03  0.1085E+01  0.1775E+01  0.1193E+03  0.1032E+01
   0.6500E+01  0.9541E+02  0.6355E+02  0.1021E+03  0.1079E+01  0.1734E+01  0.1215E+03  0.1073E+01
   0.6750E+01  0.9265E+02  0.6081E+02  0.9285E+02  0.1061E+01  0.1620E+01  0.1242E+03  0.1114E+01
   0.7000E+01  0.8979E+02  0.5736E+02  0.8010E+02  0.1031E+01  0.1440E+01  0.1271E+03  0.1156E+01
   0.7250E+01  0.8666E+02  0.5322E+02  0.6556E+02  0.9894E+00  0.1219E+01  0.1299E+03  0.1197E+01
   0.7500E+01  0.8327E+02  0.4858E+02  0.5060E+02  0.9382E+00  0.9773E+00  0.1325E+03  0.1238E+01
   0.7750E+01  0.7971E+02  0.4356E+02  0.3511E+02  0.8774E+00  0.7073E+00  0.1349E+03  0.1279E+01
   0.8000E+01  0.7599E+02  0.3818E+02  0.1849E+02  0.8053E+00  0.3900E+00  0.1370E+03  0.1321E+01
   0.8250E+01  0.7222E+02  0.3249E+02  0.1486E+01  0.7199E+00  0.3292E-01  0.1386E+03  0.1362E+01
   0.8500E+01  0.6859E+02  0.2676E+02  0.1000E-01  0.6233E+00  0.2329E-03  0.1396E+03  0.1403E+01
   0.8750E+01  0.6530E+02  0.2139E+02  0.1000E-01  0.5224E+00  0.2443E-03  0.1399E+03  0.1444E+01
   0.9000E+01  0.6239E+02  0.1659E+02  0.1000E-01  0.4235E+00  0.2553E-03  0.1400E+03  0.1486E+01
   0.9250E+01  0.5976E+02  0.1220E+02  0.1000E-01  0.3246E+00  0.2661E-03  0.1402E+03  0.1527E+01
   0.9500E+01  0.5735E+02  0.7768E+01  0.1000E-01  0.2151E+00  0.2769E-03  0.1406E+03  0.1568E+01
   0.9750E+01  0.5513E+02  0.2923E+01  0.1000E-01  0.8406E-01  0.2876E-03  0.1411E+03  0.1610E+01
   0.1000E+02  0.5308E+02 -0.2413E+01  0.1000E-01 -0.7199E-01  0.2983E-03  0.1412E+03  0.1651E+01
   0.1025E+02  0.5111E+02 -0.8052E+01  0.1000E-01 -0.2491E+00  0.3093E-03  0.1406E+03  0.1692E+01
   0.1050E+02  0.4914E+02 -0.1371E+02  0.1000E-01 -0.4405E+00  0.3213E-03  0.1393E+03  0.1733E+01
   0.1075E+02  0.4710E+02 -0.1914E+02  0.1000E-01 -0.6407E+00  0.3348E-03  0.1371E+03  0.1775E+01
   0.1100E+02  0.4505E+02 -0.2427E+02  0.1000E-01 -0.8484E+00  0.3496E-03  0.1347E+03  0.1816E+01
   0.1125E+02  0.4304E+02 -0.2969E+02  0.1000E-01 -0.1085E+01  0.3655E-03  0.1326E+03  0.1857E+01
   0.1150E+02  0.4112E+02 -0.3761E+02  0.1000E-01 -0.1437E+01  0.3821E-03  0.1318E+03  0.1898E+01
   0.1175E+02  0.3925E+02 -0.5981E+02  0.1000E-01 -0.2391E+01  0.3998E-03  0.1319E+03  0.1940E+01
