 11765 0 0 0 0 0 0 0
   0.2500E+00  0.3185E+03  0.6300E+03  0.1258E+04  0.3377E+01  0.6740E+01  0.2737E+02  0.6644E-01
   0.5000E+00  0.2742E+03  0.5643E+03  0.1116E+04  0.3540E+01  0.7005E+01  0.3839E+02  0.1329E+00
   0.7500E+00  0.2269E+03  0.5295E+03  0.1027E+04  0.4040E+01  0.7837E+01  0.5023E+02  0.1993E+00
   0.1000E+01  0.1864E+03  0.5001E+03  0.9567E+03  0.4670E+01  0.8934E+01  0.6147E+02  0.2658E+00
   0.1250E+01  0.1558E+03  0.4742E+03  0.8998E+03  0.5320E+01  0.1009E+02  0.7230E+02  0.3322E+00
   0.1500E+01  0.1335E+03  0.4473E+03  0.8260E+03  0.5877E+01  0.1085E+02  0.8367E+02  0.3987E+00
   0.1750E+01  0.1168E+03  0.4143E+03  0.7231E+03  0.6237E+01  0.1089E+02  0.9462E+02  0.4651E+00
   0.2000E+01  0.1039E+03  0.3774E+03  0.6256E+03  0.6395E+01  0.1060E+02  0.1030E+03  0.5315E+00
   0.2250E+01  0.9404E+02  0.3452E+03  0.5704E+03  0.6474E+01  0.1070E+02  0.1082E+03  0.5980E+00
   0.2500E+01  0.8638E+02  0.3219E+03  0.5461E+03  0.6577E+01  0.1116E+02  0.1125E+03  0.6644E+00
   0.2750E+01  0.8016E+02  0.3023E+03  0.5051E+03  0.6657E+01  0.1112E+02  0.1184E+03  0.7309E+00
   0.3000E+01  0.7459E+02  0.2783E+03  0.4232E+03  0.6587E+01  0.1002E+02  0.1254E+03  0.7973E+00
   0.3250E+01  0.6930E+02  0.2489E+03  0.3319E+03  0.6337E+01  0.8452E+01  0.1304E+03  0.8638E+00
   0.3500E+01  0.6432E+02  0.2202E+03  0.2734E+03  0.6039E+01  0.7497E+01  0.1319E+03  0.9302E+00
   0.3750E+01  0.5975E+02  0.1981E+03  0.2511E+03  0.5844E+01  0.7406E+01  0.1306E+03  0.9966E+00
   0.4000E+01  0.5550E+02  0.1832E+03  0.2464E+03  0.5811E+01  0.7817E+01  0.1285E+03  0.1063E+01
   0.4250E+01  0.5143E+02  0.1734E+03  0.2489E+03  0.5930E+01  0.8514E+01  0.1264E+03  0.1130E+01
   0.4500E+01  0.4752E+02  0.1672E+03  0.2560E+03  0.6183E+01  0.9466E+01  0.1247E+03  0.1196E+01
   0.4750E+01  0.4379E+02  0.1635E+03  0.2638E+03  0.6552E+01  0.1057E+02  0.1238E+03  0.1262E+01
   0.5000E+01  0.4027E+02  0.1609E+03  0.2668E+03  0.7003E+01  0.1161E+02  0.1242E+03  0.1329E+01
   0.5250E+01  0.3697E+02  0.1581E+03  0.2613E+03  0.7483E+01  0.1237E+02  0.1256E+03  0.1395E+01
   0.5500E+01  0.3394E+02  0.1541E+03  0.2475E+03  0.7940E+01  0.1275E+02  0.1276E+03  0.1462E+01
   0.5750E+01  0.3121E+02  0.1491E+03  0.2303E+03  0.8342E+01  0.1289E+02  0.1294E+03  0.1528E+01
   0.6000E+01  0.2885E+02  0.1438E+03  0.2168E+03  0.8690E+01  0.1311E+02  0.1306E+03  0.1595E+01
   0.6250E+01  0.2683E+02  0.1393E+03  0.2132E+03  0.9046E+01  0.1384E+02  0.1308E+03  0.1661E+01
   0.6500E+01  0.2498E+02  0.1367E+03  0.2206E+03  0.9522E+01  0.1536E+02  0.1307E+03  0.1728E+01
   0.6750E+01  0.2324E+02  0.1361E+03  0.2342E+03  0.1018E+02  0.1752E+02  0.1311E+03  0.1794E+01
   0.7000E+01  0.2161E+02  0.1367E+03  0.2454E+03  0.1098E+02  0.1971E+02  0.1331E+03  0.1860E+01
   0.7250E+01  0.2012E+02  0.1370E+03  0.2465E+03  0.1180E+02  0.2124E+02  0.1369E+03  0.1927E+01
   0.7500E+01  0.1876E+02  0.1356E+03  0.2332E+03  0.1252E+02  0.2153E+02  0.1424E+03  0.1993E+01
   0.7750E+01  0.1755E+02  0.1316E+03  0.2043E+03  0.1298E+02  0.2014E+02  0.1487E+03  0.2060E+01
   0.8000E+01  0.1651E+02  0.1246E+03  0.1632E+03  0.1305E+02  0.1709E+02  0.1548E+03  0.2126E+01
   0.8250E+01  0.1556E+02  0.1149E+03  0.1172E+03  0.1276E+02  0.1301E+02  0.1595E+03  0.2193E+01
   0.8500E+01  0.1463E+02  0.1038E+03  0.7427E+02  0.1224E+02  0.8763E+01  0.1623E+03  0.2259E+01
   0.8750E+01  0.1373E+02  0.9249E+02  0.4206E+02  0.1161E+02  0.5281E+01  0.1628E+03  0.2326E+01
   0.9000E+01  0.1295E+02  0.8248E+02  0.2499E+02  0.1097E+02  0.3324E+01  0.1611E+03  0.2392E+01
   0.9250E+01  0.1231E+02  0.7461E+02  0.2145E+02  0.1043E+02  0.2999E+01  0.1578E+03  0.2458E+01
   0.9500E+01  0.1175E+02  0.6896E+02  0.2566E+02  0.1009E+02  0.3756E+01  0.1538E+03  0.2525E+01
   0.9750E+01  0.1120E+02  0.6511E+02  0.3314E+02  0.9994E+01  0.5087E+01  0.1497E+03  0.2591E+01
   0.1000E+02  0.1064E+02  0.6269E+02  0.4286E+02  0.1012E+02  0.6922E+01  0.1455E+03  0.2658E+01
   0.1025E+02  0.1008E+02  0.6142E+02  0.5433E+02  0.1047E+02  0.9257E+01  0.1415E+03  0.2724E+01
   0.1050E+02  0.9526E+01  0.6107E+02  0.6581E+02  0.1100E+02  0.1186E+02  0.1379E+03  0.2791E+01
   0.1075E+02  0.8997E+01  0.6132E+02  0.7620E+02  0.1169E+02  0.1453E+02  0.1350E+03  0.2857E+01
   0.1100E+02  0.8511E+01  0.6193E+02  0.8536E+02  0.1248E+02  0.1719E+02  0.1326E+03  0.2923E+01
   0.1125E+02  0.8062E+01  0.6271E+02  0.9244E+02  0.1333E+02  0.1965E+02  0.1310E+03  0.2990E+01
   0.1150E+02  0.7635E+01  0.6344E+02  0.9675E+02  0.1423E+02  0.2170E+02  0.1300E+03  0.3056E+01
   0.1175E+02  0.7235E+01  0.6399E+02  0.9906E+02  0.1514E+02  0.2344E+02  0.1294E+03  0.3123E+01
   0.1200E+02  0.6868E+01  0.6439E+02  0.1005E+03  0.1605E+02  0.2505E+02  0.1291E+03  0.3189E+01
   0.1225E+02  0.6504E+01  0.6469E+02  0.1017E+03  0.1702E+02  0.2675E+02  0.1289E+03  0.3256E+01
   0.1250E+02  0.6118E+01  0.6498E+02  0.1033E+03  0.1817E+02  0.2887E+02  0.1288E+03  0.3322E+01
   0.1275E+02  0.5717E+01  0.6538E+02  0.1064E+03  0.1955E+02  0.3182E+02  0.1286E+03  0.3389E+01
   0.1300E+02  0.5327E+01  0.6599E+02  0.1110E+03  0.2117E+02  0.3563E+02  0.1286E+03  0.3455E+01
   0.1325E+02  0.4962E+01  0.6681E+02  0.1160E+03  0.2300E+02  0.3993E+02  0.1290E+03  0.3521E+01
   0.1350E+02  0.4609E+01  0.6779E+02  0.1211E+03  0.2512E+02  0.4487E+02  0.1298E+03  0.3588E+01
   0.1375E+02  0.4247E+01  0.6900E+02  0.1283E+03  0.2774E+02  0.5158E+02  0.1311E+03  0.3654E+01
   0.1400E+02  0.3895E+01  0.7056E+02  0.1384E+03  0.3093E+02  0.6069E+02  0.1332E+03  0.3721E+01
   0.1425E+02  0.3587E+01  0.7221E+02  0.1452E+03  0.3436E+02  0.6909E+02  0.1372E+03  0.3787E+01
   0.1450E+02  0.3322E+01  0.7290E+02  0.1360E+03  0.3745E+02  0.6987E+02  0.1435E+03  0.3854E+01
   0.1475E+02  0.3079E+01  0.7149E+02  0.1084E+03  0.3962E+02  0.6007E+02  0.1511E+03  0.3920E+01
   0.1500E+02  0.2854E+01  0.6768E+02  0.7050E+02  0.4046E+02  0.4215E+02  0.1577E+03  0.3987E+01
   0.1525E+02  0.2652E+01  0.6195E+02  0.3066E+02  0.3984E+02  0.1972E+02  0.1623E+03  0.4053E+01
   0.1550E+02  0.2472E+01  0.5362E+02  0.1000E-01  0.3699E+02  0.6899E-02  0.1647E+03  0.4119E+01
