 10909 0 0 0 0 0 0 0
   0.2500E+00  0.1903E+03  0.2449E+03  0.4716E+03  0.2361E+01  0.4546E+01  0.1576E+02  0.3934E-01
   0.5000E+00  0.1653E+03  0.2175E+03  0.4030E+03  0.2444E+01  0.4528E+01  0.2142E+02  0.7868E-01
   0.7500E+00  0.1383E+03  0.2017E+03  0.3679E+03  0.2741E+01  0.4998E+01  0.2444E+02  0.1180E+00
   0.1000E+01  0.1153E+03  0.1939E+03  0.3612E+03  0.3195E+01  0.5952E+01  0.2472E+02  0.1574E+00
   0.1250E+01  0.9818E+02  0.1926E+03  0.3683E+03  0.3766E+01  0.7202E+01  0.2474E+02  0.1967E+00
   0.1500E+01  0.8590E+02  0.1942E+03  0.3759E+03  0.4383E+01  0.8485E+01  0.2648E+02  0.2360E+00
   0.1750E+01  0.7714E+02  0.1961E+03  0.3793E+03  0.4975E+01  0.9622E+01  0.2977E+02  0.2754E+00
   0.2000E+01  0.7098E+02  0.1981E+03  0.3840E+03  0.5507E+01  0.1068E+02  0.3312E+02  0.3147E+00
   0.2250E+01  0.6677E+02  0.2019E+03  0.4022E+03  0.6018E+01  0.1199E+02  0.3586E+02  0.3540E+00
   0.2500E+01  0.6382E+02  0.2091E+03  0.4334E+03  0.6569E+01  0.1362E+02  0.4024E+02  0.3934E+00
   0.2750E+01  0.6150E+02  0.2177E+03  0.4587E+03  0.7147E+01  0.1506E+02  0.4914E+02  0.4327E+00
   0.3000E+01  0.5939E+02  0.2229E+03  0.4553E+03  0.7630E+01  0.1558E+02  0.6195E+02  0.4721E+00
   0.3250E+01  0.5741E+02  0.2213E+03  0.4217E+03  0.7884E+01  0.1502E+02  0.7524E+02  0.5114E+00
   0.3500E+01  0.5564E+02  0.2131E+03  0.3755E+03  0.7881E+01  0.1388E+02  0.8634E+02  0.5507E+00
   0.3750E+01  0.5419E+02  0.2013E+03  0.3304E+03  0.7685E+01  0.1261E+02  0.9458E+02  0.5901E+00
   0.4000E+01  0.5313E+02  0.1888E+03  0.2955E+03  0.7385E+01  0.1156E+02  0.1001E+03  0.6294E+00
   0.4250E+01  0.5247E+02  0.1777E+03  0.2755E+03  0.7075E+01  0.1097E+02  0.1036E+03  0.6688E+00
   0.4500E+01  0.5200E+02  0.1693E+03  0.2671E+03  0.6827E+01  0.1077E+02  0.1061E+03  0.7081E+00
   0.4750E+01  0.5150E+02  0.1632E+03  0.2655E+03  0.6675E+01  0.1086E+02  0.1085E+03  0.7474E+00
   0.5000E+01  0.5072E+02  0.1585E+03  0.2616E+03  0.6607E+01  0.1091E+02  0.1118E+03  0.7868E+00
   0.5250E+01  0.4952E+02  0.1533E+03  0.2455E+03  0.6569E+01  0.1052E+02  0.1161E+03  0.8261E+00
   0.5500E+01  0.4791E+02  0.1465E+03  0.2201E+03  0.6507E+01  0.9781E+01  0.1206E+03  0.8654E+00
   0.5750E+01  0.4609E+02  0.1385E+03  0.1961E+03  0.6418E+01  0.9088E+01  0.1242E+03  0.9048E+00
   0.6000E+01  0.4412E+02  0.1306E+03  0.1776E+03  0.6340E+01  0.8620E+01  0.1268E+03  0.9441E+00
   0.6250E+01  0.4204E+02  0.1232E+03  0.1626E+03  0.6295E+01  0.8307E+01  0.1288E+03  0.9835E+00
   0.6500E+01  0.3991E+02  0.1164E+03  0.1492E+03  0.6278E+01  0.8047E+01  0.1305E+03  0.1023E+01
   0.6750E+01  0.3774E+02  0.1100E+03  0.1375E+03  0.6291E+01  0.7862E+01  0.1318E+03  0.1062E+01
   0.7000E+01  0.3551E+02  0.1043E+03  0.1285E+03  0.6349E+01  0.7825E+01  0.1328E+03  0.1101E+01
   0.7250E+01  0.3322E+02  0.9902E+02  0.1205E+03  0.6459E+01  0.7859E+01  0.1337E+03  0.1141E+01
   0.7500E+01  0.3099E+02  0.9401E+02  0.1106E+03  0.6586E+01  0.7747E+01  0.1347E+03  0.1180E+01
   0.7750E+01  0.2901E+02  0.8889E+02  0.9787E+02  0.6664E+01  0.7338E+01  0.1357E+03  0.1219E+01
   0.8000E+01  0.2749E+02  0.8362E+02  0.8483E+02  0.6627E+01  0.6723E+01  0.1363E+03  0.1259E+01
   0.8250E+01  0.2643E+02  0.7856E+02  0.7523E+02  0.6485E+01  0.6211E+01  0.1361E+03  0.1298E+01
   0.8500E+01  0.2556E+02  0.7420E+02  0.7123E+02  0.6344E+01  0.6090E+01  0.1353E+03  0.1338E+01
   0.8750E+01  0.2459E+02  0.7081E+02  0.7191E+02  0.6302E+01  0.6400E+01  0.1342E+03  0.1377E+01
   0.9000E+01  0.2352E+02  0.6828E+02  0.7407E+02  0.6362E+01  0.6902E+01  0.1334E+03  0.1416E+01
   0.9250E+01  0.2252E+02  0.6615E+02  0.7373E+02  0.6445E+01  0.7184E+01  0.1330E+03  0.1456E+01
   0.9500E+01  0.2174E+02  0.6386E+02  0.6824E+02  0.6453E+01  0.6896E+01  0.1332E+03  0.1495E+01
   0.9750E+01  0.2116E+02  0.6112E+02  0.5896E+02  0.6353E+01  0.6129E+01  0.1334E+03  0.1534E+01
   0.1000E+02  0.2064E+02  0.5811E+02  0.5101E+02  0.6198E+01  0.5440E+01  0.1331E+03  0.1574E+01
   0.1025E+02  0.2011E+02  0.5530E+02  0.4698E+02  0.6061E+01  0.5148E+01  0.1322E+03  0.1613E+01
   0.1050E+02  0.1954E+02  0.5286E+02  0.4427E+02  0.5969E+01  0.4999E+01  0.1310E+03  0.1652E+01
   0.1075E+02  0.1894E+02  0.5070E+02  0.4174E+02  0.5912E+01  0.4867E+01  0.1295E+03  0.1692E+01
   0.1100E+02  0.1835E+02  0.4890E+02  0.4189E+02  0.5890E+01  0.5046E+01  0.1275E+03  0.1731E+01
   0.1125E+02  0.1776E+02  0.4769E+02  0.4600E+02  0.5938E+01  0.5728E+01  0.1251E+03  0.1770E+01
   0.1150E+02  0.1712E+02  0.4717E+02  0.5253E+02  0.6100E+01  0.6793E+01  0.1227E+03  0.1810E+01
   0.1175E+02  0.1637E+02  0.4725E+02  0.6028E+02  0.6394E+01  0.8157E+01  0.1206E+03  0.1849E+01
   0.1200E+02  0.1557E+02  0.4785E+02  0.6938E+02  0.6813E+01  0.9878E+01  0.1188E+03  0.1888E+01
   0.1225E+02  0.1480E+02  0.4893E+02  0.7911E+02  0.7336E+01  0.1186E+02  0.1176E+03  0.1928E+01
   0.1250E+02  0.1407E+02  0.5038E+02  0.8874E+02  0.7946E+01  0.1400E+02  0.1173E+03  0.1967E+01
   0.1275E+02  0.1340E+02  0.5310E+02  0.1229E+03  0.8803E+01  0.2037E+02  0.1179E+03  0.2006E+01
