 987 0 0 0 0 0 0 0
   0.2500E+00  0.1839E+04  0.1194E+04  0.2481E+04  0.1333E+01  0.2770E+01  0.2978E+02  0.5637E-01
   0.5000E+00  0.1427E+04  0.1146E+04  0.2389E+04  0.1714E+01  0.3571E+01  0.4787E+02  0.1127E+00
   0.7500E+00  0.1041E+04  0.1116E+04  0.2277E+04  0.2372E+01  0.4839E+01  0.7180E+02  0.1691E+00
   0.1000E+01  0.7699E+03  0.1050E+04  0.2026E+04  0.3127E+01  0.6037E+01  0.9735E+02  0.2255E+00
   0.1250E+01  0.6034E+03  0.9437E+03  0.1676E+04  0.3712E+01  0.6592E+01  0.1193E+03  0.2819E+00
   0.1500E+01  0.4995E+03  0.8228E+03  0.1357E+04  0.4040E+01  0.6664E+01  0.1341E+03  0.3382E+00
   0.1750E+01  0.4273E+03  0.7214E+03  0.1181E+04  0.4272E+01  0.6993E+01  0.1414E+03  0.3946E+00
   0.2000E+01  0.3716E+03  0.6533E+03  0.1108E+04  0.4582E+01  0.7770E+01  0.1458E+03  0.4510E+00
   0.2250E+01  0.3264E+03  0.6070E+03  0.1047E+04  0.4986E+01  0.8602E+01  0.1510E+03  0.5074E+00
   0.2500E+01  0.2896E+03  0.5681E+03  0.9730E+03  0.5402E+01  0.9252E+01  0.1576E+03  0.5637E+00
   0.2750E+01  0.2596E+03  0.5302E+03  0.8879E+03  0.5767E+01  0.9656E+01  0.1645E+03  0.6201E+00
   0.3000E+01  0.2348E+03  0.4921E+03  0.7974E+03  0.6061E+01  0.9820E+01  0.1713E+03  0.6765E+00
   0.3250E+01  0.2132E+03  0.4545E+03  0.7121E+03  0.6301E+01  0.9873E+01  0.1772E+03  0.7328E+00
   0.3500E+01  0.1940E+03  0.4187E+03  0.6365E+03  0.6515E+01  0.9904E+01  0.1823E+03  0.7892E+00
   0.3750E+01  0.1767E+03  0.3852E+03  0.5670E+03  0.6713E+01  0.9881E+01  0.1867E+03  0.8456E+00
   0.4000E+01  0.1607E+03  0.3536E+03  0.5007E+03  0.6900E+01  0.9770E+01  0.1906E+03  0.9020E+00
   0.4250E+01  0.1457E+03  0.3236E+03  0.4376E+03  0.7084E+01  0.9579E+01  0.1938E+03  0.9583E+00
   0.4500E+01  0.1316E+03  0.2952E+03  0.3789E+03  0.7271E+01  0.9333E+01  0.1963E+03  0.1015E+01
   0.4750E+01  0.1184E+03  0.2685E+03  0.3260E+03  0.7461E+01  0.9059E+01  0.1979E+03  0.1071E+01
   0.5000E+01  0.1065E+03  0.2440E+03  0.2809E+03  0.7647E+01  0.8802E+01  0.1987E+03  0.1127E+01
   0.5250E+01  0.9599E+02  0.2221E+03  0.2453E+03  0.7823E+01  0.8639E+01  0.1987E+03  0.1184E+01
   0.5500E+01  0.8695E+02  0.2031E+03  0.2195E+03  0.7994E+01  0.8640E+01  0.1979E+03  0.1240E+01
   0.5750E+01  0.7915E+02  0.1870E+03  0.2019E+03  0.8181E+01  0.8830E+01  0.1967E+03  0.1297E+01
   0.6000E+01  0.7233E+02  0.1736E+03  0.1902E+03  0.8403E+01  0.9205E+01  0.1952E+03  0.1353E+01
   0.6250E+01  0.6634E+02  0.1627E+03  0.1831E+03  0.8670E+01  0.9762E+01  0.1936E+03  0.1409E+01
   0.6500E+01  0.6110E+02  0.1537E+03  0.1801E+03  0.8982E+01  0.1052E+02  0.1920E+03  0.1466E+01
   0.6750E+01  0.5650E+02  0.1467E+03  0.1806E+03  0.9351E+01  0.1151E+02  0.1907E+03  0.1522E+01
   0.7000E+01  0.5231E+02  0.1411E+03  0.1830E+03  0.9801E+01  0.1271E+02  0.1897E+03  0.1578E+01
   0.7250E+01  0.4841E+02  0.1366E+03  0.1842E+03  0.1033E+02  0.1393E+02  0.1895E+03  0.1635E+01
   0.7500E+01  0.4484E+02  0.1323E+03  0.1799E+03  0.1089E+02  0.1481E+02  0.1901E+03  0.1691E+01
   0.7750E+01  0.4167E+02  0.1273E+03  0.1666E+03  0.1136E+02  0.1486E+02  0.1915E+03  0.1748E+01
   0.8000E+01  0.3892E+02  0.1211E+03  0.1440E+03  0.1165E+02  0.1385E+02  0.1933E+03  0.1804E+01
   0.8250E+01  0.3651E+02  0.1134E+03  0.1154E+03  0.1170E+02  0.1191E+02  0.1950E+03  0.1860E+01
   0.8500E+01  0.3433E+02  0.1046E+03  0.8630E+02  0.1155E+02  0.9531E+01  0.1961E+03  0.1917E+01
   0.8750E+01  0.3233E+02  0.9553E+02  0.6175E+02  0.1127E+02  0.7285E+01  0.1962E+03  0.1973E+01
   0.9000E+01  0.3051E+02  0.8693E+02  0.4420E+02  0.1093E+02  0.5555E+01  0.1953E+03  0.2029E+01
   0.9250E+01  0.2891E+02  0.7933E+02  0.3372E+02  0.1058E+02  0.4498E+01  0.1937E+03  0.2086E+01
   0.9500E+01  0.2750E+02  0.7295E+02  0.2912E+02  0.1028E+02  0.4104E+01  0.1915E+03  0.2142E+01
   0.9750E+01  0.2626E+02  0.6780E+02  0.2868E+02  0.1006E+02  0.4255E+01  0.1891E+03  0.2199E+01
   0.1000E+02  0.2517E+02  0.6371E+02  0.3037E+02  0.9908E+01  0.4723E+01  0.1867E+03  0.2255E+01
   0.1025E+02  0.2420E+02  0.6040E+02  0.3210E+02  0.9814E+01  0.5216E+01  0.1845E+03  0.2311E+01
   0.1050E+02  0.2328E+02  0.5753E+02  0.3220E+02  0.9759E+01  0.5463E+01  0.1825E+03  0.2368E+01
   0.1075E+02  0.2238E+02  0.5479E+02  0.2981E+02  0.9710E+01  0.5283E+01  0.1808E+03  0.2424E+01
   0.1100E+02  0.2149E+02  0.5202E+02  0.2524E+02  0.9636E+01  0.4675E+01  0.1792E+03  0.2480E+01
   0.1125E+02  0.2064E+02  0.4922E+02  0.2040E+02  0.9530E+01  0.3950E+01  0.1774E+03  0.2537E+01
   0.1150E+02  0.1981E+02  0.4661E+02  0.1800E+02  0.9436E+01  0.3644E+01  0.1752E+03  0.2593E+01
   0.1175E+02  0.1900E+02  0.4450E+02  0.1962E+02  0.9426E+01  0.4157E+01  0.1726E+03  0.2650E+01
   0.1200E+02  0.1819E+02  0.4305E+02  0.2444E+02  0.9558E+01  0.5427E+01  0.1700E+03  0.2706E+01
   0.1225E+02  0.1737E+02  0.4217E+02  0.2996E+02  0.9835E+01  0.6988E+01  0.1675E+03  0.2762E+01
   0.1250E+02  0.1657E+02  0.4162E+02  0.3427E+02  0.1021E+02  0.8406E+01  0.1654E+03  0.2819E+01
   0.1275E+02  0.1582E+02  0.4122E+02  0.3726E+02  0.1062E+02  0.9598E+01  0.1637E+03  0.2875E+01
   0.1300E+02  0.1514E+02  0.4086E+02  0.3940E+02  0.1103E+02  0.1064E+02  0.1621E+03  0.2931E+01
   0.1325E+02  0.1448E+02  0.4051E+02  0.4073E+02  0.1146E+02  0.1152E+02  0.1609E+03  0.2988E+01
   0.1350E+02  0.1386E+02  0.4013E+02  0.4111E+02  0.1189E+02  0.1218E+02  0.1598E+03  0.3044E+01
   0.1375E+02  0.1331E+02  0.3968E+02  0.4060E+02  0.1228E+02  0.1256E+02  0.1589E+03  0.3101E+01
   0.1400E+02  0.1283E+02  0.3913E+02  0.3944E+02  0.1259E+02  0.1268E+02  0.1581E+03  0.3157E+01
   0.1425E+02  0.1239E+02  0.3851E+02  0.3791E+02  0.1286E+02  0.1266E+02  0.1573E+03  0.3213E+01
   0.1450E+02  0.1192E+02  0.3783E+02  0.3626E+02  0.1316E+02  0.1261E+02  0.1565E+03  0.3270E+01
   0.1475E+02  0.1143E+02  0.3711E+02  0.3455E+02  0.1349E+02  0.1256E+02  0.1557E+03  0.3326E+01
   0.1500E+02  0.1096E+02  0.3636E+02  0.3274E+02  0.1380E+02  0.1243E+02  0.1548E+03  0.3382E+01
   0.1525E+02  0.1056E+02  0.3560E+02  0.3101E+02  0.1405E+02  0.1224E+02  0.1539E+03  0.3439E+01
   0.1550E+02  0.1023E+02  0.3487E+02  0.2982E+02  0.1424E+02  0.1218E+02  0.1527E+03  0.3495E+01
   0.1575E+02  0.9930E+01  0.3424E+02  0.2972E+02  0.1443E+02  0.1252E+02  0.1514E+03  0.3552E+01
   0.1600E+02  0.9626E+01  0.3378E+02  0.3098E+02  0.1470E+02  0.1349E+02  0.1500E+03  0.3608E+01
   0.1625E+02  0.9282E+01  0.3351E+02  0.3338E+02  0.1515E+02  0.1509E+02  0.1485E+03  0.3664E+01
   0.1650E+02  0.8896E+01  0.3344E+02  0.3618E+02  0.1580E+02  0.1709E+02  0.1472E+03  0.3721E+01
   0.1675E+02  0.8497E+01  0.3347E+02  0.3845E+02  0.1658E+02  0.1905E+02  0.1461E+03  0.3777E+01
   0.1700E+02  0.8118E+01  0.3353E+02  0.3968E+02  0.1740E+02  0.2060E+02  0.1452E+03  0.3833E+01
   0.1725E+02  0.7776E+01  0.3354E+02  0.4028E+02  0.1820E+02  0.2186E+02  0.1445E+03  0.3890E+01
   0.1750E+02  0.7460E+01  0.3356E+02  0.4115E+02  0.1900E+02  0.2330E+02  0.1438E+03  0.3946E+01
   0.1775E+02  0.7136E+01  0.3360E+02  0.4238E+02  0.1991E+02  0.2512E+02  0.1432E+03  0.4002E+01
   0.1800E+02  0.6772E+01  0.3367E+02  0.4325E+02  0.2105E+02  0.2704E+02  0.1428E+03  0.4059E+01
   0.1825E+02  0.6369E+01  0.3369E+02  0.4322E+02  0.2242E+02  0.2876E+02  0.1425E+03  0.4115E+01
   0.1850E+02  0.5963E+01  0.3365E+02  0.4252E+02  0.2393E+02  0.3025E+02  0.1424E+03  0.4172E+01
   0.1875E+02  0.5591E+01  0.3354E+02  0.4188E+02  0.2547E+02  0.3180E+02  0.1422E+03  0.4228E+01
   0.1900E+02  0.5270E+01  0.3342E+02  0.4168E+02  0.2695E+02  0.3361E+02  0.1421E+03  0.4284E+01
   0.1925E+02  0.4977E+01  0.3332E+02  0.4162E+02  0.2847E+02  0.3557E+02  0.1419E+03  0.4341E+01
   0.1950E+02  0.4663E+01  0.3322E+02  0.4147E+02  0.3032E+02  0.3785E+02  0.1418E+03  0.4397E+01
   0.1975E+02  0.4321E+01  0.3316E+02  0.4259E+02  0.3268E+02  0.4197E+02  0.1418E+03  0.4453E+01
