 1976 0 0 0 0 0 0 0
   0.2500E+00  0.5239E+03  0.2329E+04  0.4905E+04  0.8482E+01  0.1786E+02  0.5650E+02  0.2812E-01
   0.5000E+00  0.4742E+03  0.2040E+04  0.4121E+04  0.8314E+01  0.1679E+02  0.8852E+02  0.5624E-01
   0.7500E+00  0.4095E+03  0.1806E+04  0.3435E+04  0.8627E+01  0.1641E+02  0.1206E+03  0.8436E-01
   0.1000E+01  0.3412E+03  0.1548E+04  0.2715E+04  0.8985E+01  0.1576E+02  0.1484E+03  0.1125E+00
   0.1250E+01  0.2814E+03  0.1277E+04  0.1999E+04  0.9093E+01  0.1423E+02  0.1691E+03  0.1406E+00
   0.1500E+01  0.2359E+03  0.1024E+04  0.1420E+04  0.8803E+01  0.1220E+02  0.1803E+03  0.1687E+00
   0.1750E+01  0.2022E+03  0.8312E+03  0.1120E+04  0.8422E+01  0.1135E+02  0.1817E+03  0.1968E+00
   0.2000E+01  0.1765E+03  0.7161E+03  0.1068E+04  0.8404E+01  0.1254E+02  0.1776E+03  0.2250E+00
   0.2250E+01  0.1564E+03  0.6551E+03  0.1055E+04  0.8761E+01  0.1411E+02  0.1752E+03  0.2531E+00
   0.2500E+01  0.1410E+03  0.6086E+03  0.9645E+03  0.9116E+01  0.1445E+02  0.1766E+03  0.2812E+00
   0.2750E+01  0.1295E+03  0.5622E+03  0.8659E+03  0.9260E+01  0.1426E+02  0.1780E+03  0.3093E+00
   0.3000E+01  0.1210E+03  0.5232E+03  0.8192E+03  0.9304E+01  0.1457E+02  0.1778E+03  0.3374E+00
   0.3250E+01  0.1147E+03  0.4943E+03  0.7926E+03  0.9357E+01  0.1501E+02  0.1776E+03  0.3655E+00
   0.3500E+01  0.1095E+03  0.4691E+03  0.7413E+03  0.9385E+01  0.1483E+02  0.1785E+03  0.3937E+00
   0.3750E+01  0.1048E+03  0.4435E+03  0.6772E+03  0.9344E+01  0.1427E+02  0.1791E+03  0.4218E+00
   0.4000E+01  0.1008E+03  0.4225E+03  0.6640E+03  0.9331E+01  0.1466E+02  0.1771E+03  0.4499E+00
   0.4250E+01  0.9743E+02  0.4136E+03  0.7140E+03  0.9518E+01  0.1643E+02  0.1741E+03  0.4780E+00
   0.4500E+01  0.9452E+02  0.4146E+03  0.7677E+03  0.9906E+01  0.1834E+02  0.1738E+03  0.5061E+00
   0.4750E+01  0.9173E+02  0.4158E+03  0.7686E+03  0.1031E+02  0.1905E+02  0.1782E+03  0.5343E+00
   0.5000E+01  0.8890E+02  0.4091E+03  0.7092E+03  0.1054E+02  0.1826E+02  0.1852E+03  0.5624E+00
   0.5250E+01  0.8606E+02  0.3947E+03  0.6386E+03  0.1057E+02  0.1710E+02  0.1913E+03  0.5905E+00
   0.5500E+01  0.8328E+02  0.3785E+03  0.5972E+03  0.1054E+02  0.1663E+02  0.1952E+03  0.6186E+00
   0.5750E+01  0.8054E+02  0.3645E+03  0.5746E+03  0.1056E+02  0.1664E+02  0.1981E+03  0.6467E+00
   0.6000E+01  0.7764E+02  0.3523E+03  0.5517E+03  0.1064E+02  0.1667E+02  0.2012E+03  0.6749E+00
   0.6250E+01  0.7445E+02  0.3402E+03  0.5238E+03  0.1078E+02  0.1659E+02  0.2046E+03  0.7030E+00
   0.6500E+01  0.7105E+02  0.3277E+03  0.4907E+03  0.1094E+02  0.1637E+02  0.2080E+03  0.7311E+00
   0.6750E+01  0.6772E+02  0.3143E+03  0.4530E+03  0.1106E+02  0.1594E+02  0.2113E+03  0.7592E+00
   0.7000E+01  0.6468E+02  0.3002E+03  0.4145E+03  0.1111E+02  0.1535E+02  0.2141E+03  0.7873E+00
   0.7250E+01  0.6188E+02  0.2859E+03  0.3788E+03  0.1112E+02  0.1473E+02  0.2161E+03  0.8154E+00
   0.7500E+01  0.5915E+02  0.2720E+03  0.3472E+03  0.1111E+02  0.1418E+02  0.2174E+03  0.8436E+00
   0.7750E+01  0.5646E+02  0.2588E+03  0.3208E+03  0.1113E+02  0.1379E+02  0.2179E+03  0.8717E+00
   0.8000E+01  0.5384E+02  0.2469E+03  0.3015E+03  0.1117E+02  0.1364E+02  0.2176E+03  0.8998E+00
   0.8250E+01  0.5138E+02  0.2364E+03  0.2896E+03  0.1126E+02  0.1379E+02  0.2168E+03  0.9279E+00
   0.8500E+01  0.4912E+02  0.2277E+03  0.2838E+03  0.1139E+02  0.1419E+02  0.2155E+03  0.9560E+00
   0.8750E+01  0.4706E+02  0.2205E+03  0.2814E+03  0.1155E+02  0.1474E+02  0.2142E+03  0.9842E+00
   0.9000E+01  0.4508E+02  0.2146E+03  0.2809E+03  0.1177E+02  0.1541E+02  0.2129E+03  0.1012E+01
   0.9250E+01  0.4308E+02  0.2097E+03  0.2817E+03  0.1208E+02  0.1623E+02  0.2118E+03  0.1040E+01
   0.9500E+01  0.4113E+02  0.2056E+03  0.2827E+03  0.1245E+02  0.1712E+02  0.2109E+03  0.1069E+01
   0.9750E+01  0.3937E+02  0.2020E+03  0.2827E+03  0.1282E+02  0.1794E+02  0.2103E+03  0.1097E+01
   0.1000E+02  0.3790E+02  0.1988E+03  0.2814E+03  0.1314E+02  0.1860E+02  0.2101E+03  0.1125E+01
   0.1025E+02  0.3668E+02  0.1957E+03  0.2790E+03  0.1341E+02  0.1911E+02  0.2100E+03  0.1153E+01
   0.1050E+02  0.3562E+02  0.1927E+03  0.2756E+03  0.1364E+02  0.1950E+02  0.2101E+03  0.1181E+01
   0.1075E+02  0.3465E+02  0.1898E+03  0.2712E+03  0.1384E+02  0.1978E+02  0.2104E+03  0.1209E+01
   0.1100E+02  0.3378E+02  0.1868E+03  0.2661E+03  0.1401E+02  0.1996E+02  0.2108E+03  0.1237E+01
   0.1125E+02  0.3301E+02  0.1839E+03  0.2608E+03  0.1415E+02  0.2007E+02  0.2113E+03  0.1265E+01
   0.1150E+02  0.3235E+02  0.1810E+03  0.2557E+03  0.1424E+02  0.2012E+02  0.2117E+03  0.1293E+01
   0.1175E+02  0.3179E+02  0.1781E+03  0.2509E+03  0.1430E+02  0.2014E+02  0.2121E+03  0.1322E+01
   0.1200E+02  0.3128E+02  0.1754E+03  0.2461E+03  0.1434E+02  0.2012E+02  0.2126E+03  0.1350E+01
   0.1225E+02  0.3071E+02  0.1727E+03  0.2413E+03  0.1441E+02  0.2014E+02  0.2131E+03  0.1378E+01
   0.1250E+02  0.3000E+02  0.1700E+03  0.2366E+03  0.1456E+02  0.2026E+02  0.2136E+03  0.1406E+01
   0.1275E+02  0.2917E+02  0.1675E+03  0.2322E+03  0.1478E+02  0.2049E+02  0.2140E+03  0.1434E+01
   0.1300E+02  0.2831E+02  0.1650E+03  0.2279E+03  0.1504E+02  0.2077E+02  0.2145E+03  0.1462E+01
   0.1325E+02  0.2747E+02  0.1626E+03  0.2237E+03  0.1530E+02  0.2105E+02  0.2150E+03  0.1490E+01
   0.1350E+02  0.2670E+02  0.1602E+03  0.2197E+03  0.1554E+02  0.2131E+02  0.2154E+03  0.1518E+01
   0.1375E+02  0.2604E+02  0.1580E+03  0.2158E+03  0.1574E+02  0.2150E+02  0.2159E+03  0.1547E+01
   0.1400E+02  0.2555E+02  0.1558E+03  0.2120E+03  0.1585E+02  0.2156E+02  0.2164E+03  0.1575E+01
   0.1425E+02  0.2520E+02  0.1536E+03  0.2083E+03  0.1587E+02  0.2151E+02  0.2169E+03  0.1603E+01
   0.1450E+02  0.2486E+02  0.1515E+03  0.2048E+03  0.1590E+02  0.2148E+02  0.2173E+03  0.1631E+01
   0.1475E+02  0.2431E+02  0.1495E+03  0.2013E+03  0.1606E+02  0.2163E+02  0.2178E+03  0.1659E+01
   0.1500E+02  0.2353E+02  0.1476E+03  0.1979E+03  0.1640E+02  0.2200E+02  0.2183E+03  0.1687E+01
   0.1525E+02  0.2265E+02  0.1456E+03  0.1947E+03  0.1685E+02  0.2252E+02  0.2188E+03  0.1715E+01
   0.1550E+02  0.2180E+02  0.1438E+03  0.1915E+03  0.1730E+02  0.2305E+02  0.2192E+03  0.1743E+01
   0.1575E+02  0.2107E+02  0.1420E+03  0.1884E+03  0.1771E+02  0.2349E+02  0.2197E+03  0.1771E+01
   0.1600E+02  0.2043E+02  0.1402E+03  0.1854E+03  0.1806E+02  0.2387E+02  0.2202E+03  0.1800E+01
   0.1625E+02  0.1993E+02  0.1385E+03  0.1826E+03  0.1832E+02  0.2414E+02  0.2206E+03  0.1828E+01
   0.1650E+02  0.1952E+02  0.1369E+03  0.1797E+03  0.1849E+02  0.2428E+02  0.2211E+03  0.1856E+01
   0.1675E+02  0.1911E+02  0.1352E+03  0.1769E+03  0.1869E+02  0.2446E+02  0.2216E+03  0.1884E+01
   0.1700E+02  0.1864E+02  0.1337E+03  0.1744E+03  0.1897E+02  0.2474E+02  0.2221E+03  0.1912E+01
   0.1725E+02  0.1818E+02  0.1321E+03  0.1718E+03  0.1925E+02  0.2502E+02  0.2225E+03  0.1940E+01
   0.1750E+02  0.1780E+02  0.1306E+03  0.1692E+03  0.1946E+02  0.2521E+02  0.2230E+03  0.1968E+01
   0.1775E+02  0.1747E+02  0.1292E+03  0.1668E+03  0.1964E+02  0.2536E+02  0.2235E+03  0.1996E+01
   0.1800E+02  0.1711E+02  0.1278E+03  0.1649E+03  0.1985E+02  0.2560E+02  0.2239E+03  0.2025E+01
   0.1825E+02  0.1671E+02  0.1265E+03  0.1632E+03  0.2014E+02  0.2598E+02  0.2244E+03  0.2053E+01
   0.1850E+02  0.1631E+02  0.1252E+03  0.1615E+03  0.2046E+02  0.2637E+02  0.2248E+03  0.2081E+01
   0.1875E+02  0.1597E+02  0.1241E+03  0.1599E+03  0.2071E+02  0.2670E+02  0.2253E+03  0.2109E+01
   0.1900E+02  0.1570E+02  0.1229E+03  0.1587E+03  0.2089E+02  0.2698E+02  0.2258E+03  0.2137E+01
   0.1925E+02  0.1548E+02  0.1218E+03  0.1579E+03  0.2103E+02  0.2726E+02  0.2264E+03  0.2165E+01
   0.1950E+02  0.1527E+02  0.1209E+03  0.1574E+03  0.2117E+02  0.2757E+02  0.2270E+03  0.2193E+01
   0.1975E+02  0.1505E+02  0.1200E+03  0.1573E+03  0.2134E+02  0.2797E+02  0.2277E+03  0.2221E+01
   0.2000E+02  0.1481E+02  0.1192E+03  0.1574E+03  0.2156E+02  0.2848E+02  0.2285E+03  0.2250E+01
   0.2025E+02  0.1456E+02  0.1184E+03  0.1569E+03  0.2181E+02  0.2890E+02  0.2296E+03  0.2278E+01
   0.2050E+02  0.1433E+02  0.1176E+03  0.1546E+03  0.2202E+02  0.2897E+02  0.2310E+03  0.2306E+01
   0.2075E+02  0.1412E+02  0.1165E+03  0.1498E+03  0.2218E+02  0.2851E+02  0.2327E+03  0.2334E+01
   0.2100E+02  0.1388E+02  0.1152E+03  0.1426E+03  0.2231E+02  0.2762E+02  0.2345E+03  0.2362E+01
   0.2125E+02  0.1358E+02  0.1135E+03  0.1342E+03  0.2249E+02  0.2659E+02  0.2362E+03  0.2390E+01
   0.2150E+02  0.1324E+02  0.1117E+03  0.1261E+03  0.2272E+02  0.2566E+02  0.2377E+03  0.2418E+01
   0.2175E+02  0.1293E+02  0.1097E+03  0.1188E+03  0.2287E+02  0.2477E+02  0.2389E+03  0.2446E+01
   0.2200E+02  0.1273E+02  0.1077E+03  0.1118E+03  0.2283E+02  0.2370E+02  0.2400E+03  0.2474E+01
   0.2225E+02  0.1262E+02  0.1056E+03  0.1051E+03  0.2260E+02  0.2248E+02  0.2408E+03  0.2503E+01
   0.2250E+02  0.1251E+02  0.1036E+03  0.9901E+02  0.2237E+02  0.2138E+02  0.2414E+03  0.2531E+01
   0.2275E+02  0.1232E+02  0.1015E+03  0.9368E+02  0.2228E+02  0.2056E+02  0.2418E+03  0.2559E+01
   0.2300E+02  0.1203E+02  0.9956E+02  0.8891E+02  0.2239E+02  0.1999E+02  0.2420E+03  0.2587E+01
   0.2325E+02  0.1169E+02  0.9764E+02  0.8474E+02  0.2260E+02  0.1962E+02  0.2420E+03  0.2615E+01
   0.2350E+02  0.1139E+02  0.9582E+02  0.8141E+02  0.2280E+02  0.1937E+02  0.2418E+03  0.2643E+01
   0.2375E+02  0.1114E+02  0.9414E+02  0.7924E+02  0.2291E+02  0.1929E+02  0.2414E+03  0.2671E+01
   0.2400E+02  0.1092E+02  0.9263E+02  0.7846E+02  0.2301E+02  0.1949E+02  0.2408E+03  0.2699E+01
   0.2425E+02  0.1071E+02  0.9137E+02  0.7969E+02  0.2316E+02  0.2020E+02  0.2400E+03  0.2728E+01
   0.2450E+02  0.1051E+02  0.9044E+02  0.8354E+02  0.2338E+02  0.2159E+02  0.2392E+03  0.2756E+01
   0.2475E+02  0.1029E+02  0.9006E+02  0.9555E+02  0.2377E+02  0.2522E+02  0.2385E+03  0.2784E+01
