 10779 0 0 0 0 0 0 0
   0.2500E+00  0.2712E+03  0.5555E+03  0.1062E+04  0.3904E+01  0.7467E+01  0.2133E+02  0.2749E-01
   0.5000E+00  0.2499E+03  0.5144E+03  0.9812E+03  0.3972E+01  0.7577E+01  0.2828E+02  0.5499E-01
   0.7500E+00  0.2248E+03  0.4961E+03  0.9396E+03  0.4310E+01  0.8164E+01  0.3555E+02  0.8248E-01
   0.1000E+01  0.1995E+03  0.4833E+03  0.9121E+03  0.4789E+01  0.9038E+01  0.4267E+02  0.1100E+00
   0.1250E+01  0.1764E+03  0.4736E+03  0.8928E+03  0.5368E+01  0.1012E+02  0.4979E+02  0.1375E+00
   0.1500E+01  0.1567E+03  0.4647E+03  0.8705E+03  0.5993E+01  0.1123E+02  0.5739E+02  0.1650E+00
   0.1750E+01  0.1409E+03  0.4552E+03  0.8447E+03  0.6601E+01  0.1225E+02  0.6503E+02  0.1925E+00
   0.2000E+01  0.1282E+03  0.4449E+03  0.8183E+03  0.7162E+01  0.1317E+02  0.7231E+02  0.2200E+00
   0.2250E+01  0.1182E+03  0.4338E+03  0.7876E+03  0.7649E+01  0.1389E+02  0.7930E+02  0.2474E+00
   0.2500E+01  0.1104E+03  0.4219E+03  0.7557E+03  0.8047E+01  0.1441E+02  0.8553E+02  0.2749E+00
   0.2750E+01  0.1039E+03  0.4107E+03  0.7317E+03  0.8395E+01  0.1496E+02  0.9059E+02  0.3024E+00
   0.3000E+01  0.9834E+02  0.4018E+03  0.7213E+03  0.8759E+01  0.1572E+02  0.9476E+02  0.3299E+00
   0.3250E+01  0.9337E+02  0.3958E+03  0.7188E+03  0.9165E+01  0.1664E+02  0.9905E+02  0.3574E+00
   0.3500E+01  0.8905E+02  0.3909E+03  0.7105E+03  0.9570E+01  0.1740E+02  0.1043E+03  0.3849E+00
   0.3750E+01  0.8533E+02  0.3851E+03  0.6917E+03  0.9918E+01  0.1782E+02  0.1104E+03  0.4124E+00
   0.4000E+01  0.8207E+02  0.3779E+03  0.6692E+03  0.1020E+02  0.1806E+02  0.1164E+03  0.4399E+00
   0.4250E+01  0.7919E+02  0.3700E+03  0.6486E+03  0.1043E+02  0.1828E+02  0.1219E+03  0.4674E+00
   0.4500E+01  0.7676E+02  0.3621E+03  0.6297E+03  0.1060E+02  0.1844E+02  0.1271E+03  0.4949E+00
   0.4750E+01  0.7482E+02  0.3542E+03  0.6099E+03  0.1071E+02  0.1844E+02  0.1322E+03  0.5224E+00
   0.5000E+01  0.7330E+02  0.3461E+03  0.5885E+03  0.1075E+02  0.1829E+02  0.1371E+03  0.5499E+00
   0.5250E+01  0.7207E+02  0.3377E+03  0.5676E+03  0.1074E+02  0.1805E+02  0.1416E+03  0.5774E+00
   0.5500E+01  0.7113E+02  0.3295E+03  0.5488E+03  0.1068E+02  0.1780E+02  0.1458E+03  0.6049E+00
   0.5750E+01  0.7045E+02  0.3217E+03  0.5322E+03  0.1059E+02  0.1753E+02  0.1496E+03  0.6324E+00
   0.6000E+01  0.6991E+02  0.3142E+03  0.5172E+03  0.1049E+02  0.1726E+02  0.1532E+03  0.6599E+00
   0.6250E+01  0.6932E+02  0.3071E+03  0.5026E+03  0.1039E+02  0.1701E+02  0.1567E+03  0.6874E+00
   0.6500E+01  0.6863E+02  0.3002E+03  0.4878E+03  0.1032E+02  0.1676E+02  0.1602E+03  0.7148E+00
   0.6750E+01  0.6786E+02  0.2935E+03  0.4727E+03  0.1025E+02  0.1651E+02  0.1636E+03  0.7423E+00
   0.7000E+01  0.6707E+02  0.2868E+03  0.4583E+03  0.1018E+02  0.1627E+02  0.1668E+03  0.7698E+00
   0.7250E+01  0.6632E+02  0.2803E+03  0.4447E+03  0.1011E+02  0.1604E+02  0.1699E+03  0.7973E+00
   0.7500E+01  0.6564E+02  0.2740E+03  0.4315E+03  0.1003E+02  0.1580E+02  0.1729E+03  0.8248E+00
   0.7750E+01  0.6497E+02  0.2679E+03  0.4180E+03  0.9949E+01  0.1553E+02  0.1758E+03  0.8523E+00
   0.8000E+01  0.6423E+02  0.2617E+03  0.4039E+03  0.9873E+01  0.1524E+02  0.1786E+03  0.8798E+00
   0.8250E+01  0.6327E+02  0.2555E+03  0.3893E+03  0.9824E+01  0.1497E+02  0.1814E+03  0.9073E+00
   0.8500E+01  0.6206E+02  0.2494E+03  0.3750E+03  0.9812E+01  0.1476E+02  0.1839E+03  0.9348E+00
   0.8750E+01  0.6065E+02  0.2433E+03  0.3622E+03  0.9834E+01  0.1464E+02  0.1862E+03  0.9623E+00
   0.9000E+01  0.5912E+02  0.2376E+03  0.3509E+03  0.9883E+01  0.1460E+02  0.1882E+03  0.9898E+00
   0.9250E+01  0.5749E+02  0.2321E+03  0.3409E+03  0.9963E+01  0.1463E+02  0.1901E+03  0.1017E+01
   0.9500E+01  0.5576E+02  0.2269E+03  0.3316E+03  0.1008E+02  0.1472E+02  0.1920E+03  0.1045E+01
   0.9750E+01  0.5392E+02  0.2220E+03  0.3222E+03  0.1022E+02  0.1484E+02  0.1937E+03  0.1072E+01
   0.1000E+02  0.5204E+02  0.2171E+03  0.3126E+03  0.1040E+02  0.1497E+02  0.1955E+03  0.1100E+01
   0.1025E+02  0.5012E+02  0.2124E+03  0.3035E+03  0.1059E+02  0.1513E+02  0.1971E+03  0.1127E+01
   0.1050E+02  0.4820E+02  0.2079E+03  0.2954E+03  0.1081E+02  0.1535E+02  0.1987E+03  0.1155E+01
   0.1075E+02  0.4637E+02  0.2037E+03  0.2882E+03  0.1103E+02  0.1561E+02  0.2001E+03  0.1182E+01
   0.1100E+02  0.4474E+02  0.1996E+03  0.2812E+03  0.1124E+02  0.1583E+02  0.2016E+03  0.1210E+01
   0.1125E+02  0.4335E+02  0.1956E+03  0.2740E+03  0.1140E+02  0.1596E+02  0.2032E+03  0.1237E+01
   0.1150E+02  0.4214E+02  0.1917E+03  0.2657E+03  0.1152E+02  0.1596E+02  0.2048E+03  0.1265E+01
   0.1175E+02  0.4103E+02  0.1877E+03  0.2561E+03  0.1161E+02  0.1584E+02  0.2064E+03  0.1292E+01
   0.1200E+02  0.4002E+02  0.1836E+03  0.2453E+03  0.1166E+02  0.1559E+02  0.2080E+03  0.1320E+01
   0.1225E+02  0.3917E+02  0.1793E+03  0.2342E+03  0.1167E+02  0.1524E+02  0.2093E+03  0.1347E+01
   0.1250E+02  0.3847E+02  0.1750E+03  0.2243E+03  0.1162E+02  0.1489E+02  0.2104E+03  0.1375E+01
   0.1275E+02  0.3787E+02  0.1709E+03  0.2167E+03  0.1155E+02  0.1465E+02  0.2112E+03  0.1402E+01
   0.1300E+02  0.3735E+02  0.1671E+03  0.2107E+03  0.1147E+02  0.1447E+02  0.2118E+03  0.1430E+01
   0.1325E+02  0.3688E+02  0.1635E+03  0.2047E+03  0.1139E+02  0.1426E+02  0.2124E+03  0.1457E+01
   0.1350E+02  0.3643E+02  0.1600E+03  0.1984E+03  0.1131E+02  0.1402E+02  0.2129E+03  0.1485E+01
   0.1375E+02  0.3596E+02  0.1566E+03  0.1921E+03  0.1124E+02  0.1378E+02  0.2132E+03  0.1512E+01
   0.1400E+02  0.3540E+02  0.1534E+03  0.1869E+03  0.1120E+02  0.1364E+02  0.2133E+03  0.1540E+01
   0.1425E+02  0.3468E+02  0.1505E+03  0.1837E+03  0.1123E+02  0.1371E+02  0.2132E+03  0.1567E+01
   0.1450E+02  0.3375E+02  0.1479E+03  0.1827E+03  0.1136E+02  0.1403E+02  0.2130E+03  0.1595E+01
   0.1475E+02  0.3264E+02  0.1457E+03  0.1834E+03  0.1159E+02  0.1459E+02  0.2127E+03  0.1622E+01
   0.1500E+02  0.3143E+02  0.1439E+03  0.1855E+03  0.1191E+02  0.1535E+02  0.2124E+03  0.1650E+01
   0.1525E+02  0.3016E+02  0.1425E+03  0.1881E+03  0.1231E+02  0.1625E+02  0.2124E+03  0.1677E+01
   0.1550E+02  0.2888E+02  0.1413E+03  0.1902E+03  0.1277E+02  0.1718E+02  0.2127E+03  0.1705E+01
   0.1575E+02  0.2769E+02  0.1402E+03  0.1905E+03  0.1323E+02  0.1797E+02  0.2133E+03  0.1732E+01
   0.1600E+02  0.2663E+02  0.1390E+03  0.1882E+03  0.1365E+02  0.1848E+02  0.2143E+03  0.1760E+01
   0.1625E+02  0.2569E+02  0.1375E+03  0.1834E+03  0.1403E+02  0.1870E+02  0.2156E+03  0.1787E+01
   0.1650E+02  0.2476E+02  0.1358E+03  0.1775E+03  0.1439E+02  0.1880E+02  0.2168E+03  0.1815E+01
   0.1675E+02  0.2380E+02  0.1340E+03  0.1720E+03  0.1479E+02  0.1898E+02  0.2179E+03  0.1842E+01
   0.1700E+02  0.2287E+02  0.1321E+03  0.1675E+03  0.1519E+02  0.1926E+02  0.2189E+03  0.1870E+01
   0.1725E+02  0.2204E+02  0.1303E+03  0.1636E+03  0.1556E+02  0.1954E+02  0.2198E+03  0.1897E+01
   0.1750E+02  0.2129E+02  0.1285E+03  0.1598E+03  0.1591E+02  0.1979E+02  0.2207E+03  0.1925E+01
   0.1775E+02  0.2059E+02  0.1267E+03  0.1564E+03  0.1625E+02  0.2005E+02  0.2216E+03  0.1952E+01
   0.1800E+02  0.1994E+02  0.1250E+03  0.1527E+03  0.1656E+02  0.2023E+02  0.2226E+03  0.1980E+01
   0.1825E+02  0.1937E+02  0.1231E+03  0.1469E+03  0.1681E+02  0.2007E+02  0.2237E+03  0.2007E+01
   0.1850E+02  0.1885E+02  0.1210E+03  0.1392E+03  0.1700E+02  0.1956E+02  0.2249E+03  0.2035E+01
   0.1875E+02  0.1833E+02  0.1187E+03  0.1304E+03  0.1717E+02  0.1887E+02  0.2259E+03  0.2062E+01
   0.1900E+02  0.1776E+02  0.1162E+03  0.1210E+03  0.1737E+02  0.1808E+02  0.2267E+03  0.2090E+01
   0.1925E+02  0.1714E+02  0.1136E+03  0.1118E+03  0.1760E+02  0.1733E+02  0.2270E+03  0.2117E+01
   0.1950E+02  0.1652E+02  0.1109E+03  0.1046E+03  0.1785E+02  0.1684E+02  0.2267E+03  0.2145E+01
   0.1975E+02  0.1593E+02  0.1086E+03  0.1016E+03  0.1814E+02  0.1699E+02  0.2257E+03  0.2172E+01
   0.2000E+02  0.1534E+02  0.1068E+03  0.1060E+03  0.1855E+02  0.1841E+02  0.2240E+03  0.2200E+01
   0.2025E+02  0.1476E+02  0.1061E+03  0.1193E+03  0.1916E+02  0.2155E+02  0.2219E+03  0.2227E+01
   0.2050E+02  0.1421E+02  0.1064E+03  0.1376E+03  0.1999E+02  0.2585E+02  0.2204E+03  0.2255E+01
   0.2075E+02  0.1369E+02  0.1074E+03  0.1516E+03  0.2096E+02  0.2960E+02  0.2204E+03  0.2282E+01
   0.2100E+02  0.1319E+02  0.1081E+03  0.1539E+03  0.2191E+02  0.3120E+02  0.2220E+03  0.2310E+01
   0.2125E+02  0.1270E+02  0.1079E+03  0.1442E+03  0.2273E+02  0.3040E+02  0.2247E+03  0.2337E+01
   0.2150E+02  0.1222E+02  0.1067E+03  0.1292E+03  0.2337E+02  0.2831E+02  0.2273E+03  0.2364E+01
   0.2175E+02  0.1177E+02  0.1048E+03  0.1164E+03  0.2387E+02  0.2651E+02  0.2291E+03  0.2392E+01
   0.2200E+02  0.1134E+02  0.1030E+03  0.1106E+03  0.2435E+02  0.2617E+02  0.2301E+03  0.2419E+01
   0.2225E+02  0.1092E+02  0.1015E+03  0.1111E+03  0.2494E+02  0.2731E+02  0.2307E+03  0.2447E+01
   0.2250E+02  0.1051E+02  0.1002E+03  0.1086E+03  0.2560E+02  0.2775E+02  0.2318E+03  0.2474E+01
   0.2275E+02  0.1011E+02  0.9819E+02  0.8850E+02  0.2611E+02  0.2353E+02  0.2335E+03  0.2502E+01
