 179 0 0 0 0 0 0 0
   0.2500E+00  0.2230E+03  0.3205E+03  0.6473E+03  0.2576E+01  0.5202E+01  0.8184E+01  0.9826E-01
   0.5000E+00  0.1955E+03  0.3246E+03  0.6621E+03  0.3032E+01  0.6184E+01  0.1558E+02  0.1965E+00
   0.7500E+00  0.1628E+03  0.3307E+03  0.6753E+03  0.3766E+01  0.7690E+01  0.2640E+02  0.2948E+00
   0.1000E+01  0.1322E+03  0.3317E+03  0.6663E+03  0.4713E+01  0.9468E+01  0.3918E+02  0.3930E+00
   0.1250E+01  0.1080E+03  0.3247E+03  0.6331E+03  0.5703E+01  0.1112E+02  0.5213E+02  0.4913E+00
   0.1500E+01  0.9048E+02  0.3101E+03  0.5808E+03  0.6553E+01  0.1227E+02  0.6420E+02  0.5895E+00
   0.1750E+01  0.7766E+02  0.2895E+03  0.5166E+03  0.7174E+01  0.1280E+02  0.7479E+02  0.6878E+00
   0.2000E+01  0.6774E+02  0.2648E+03  0.4448E+03  0.7560E+01  0.1270E+02  0.8360E+02  0.7861E+00
   0.2250E+01  0.5965E+02  0.2374E+03  0.3678E+03  0.7729E+01  0.1197E+02  0.9026E+02  0.8843E+00
   0.2500E+01  0.5287E+02  0.2103E+03  0.3020E+03  0.7745E+01  0.1112E+02  0.9379E+02  0.9826E+00
   0.2750E+01  0.4715E+02  0.1886E+03  0.2730E+03  0.7809E+01  0.1130E+02  0.9359E+02  0.1081E+01
   0.3000E+01  0.4227E+02  0.1770E+03  0.2864E+03  0.8185E+01  0.1324E+02  0.9101E+02  0.1179E+01
   0.3250E+01  0.3808E+02  0.1749E+03  0.3202E+03  0.8990E+01  0.1646E+02  0.8910E+02  0.1277E+01
   0.3500E+01  0.3436E+02  0.1778E+03  0.3481E+03  0.1014E+02  0.1985E+02  0.9046E+02  0.1376E+01
   0.3750E+01  0.3085E+02  0.1804E+03  0.3545E+03  0.1146E+02  0.2252E+02  0.9566E+02  0.1474E+01
   0.4000E+01  0.2740E+02  0.1789E+03  0.3331E+03  0.1280E+02  0.2384E+02  0.1036E+03  0.1572E+01
   0.4250E+01  0.2416E+02  0.1713E+03  0.2848E+03  0.1391E+02  0.2313E+02  0.1122E+03  0.1670E+01
   0.4500E+01  0.2141E+02  0.1576E+03  0.2195E+03  0.1445E+02  0.2012E+02  0.1195E+03  0.1769E+01
   0.4750E+01  0.1917E+02  0.1405E+03  0.1580E+03  0.1438E+02  0.1618E+02  0.1237E+03  0.1867E+01
   0.5000E+01  0.1732E+02  0.1246E+03  0.1266E+03  0.1411E+02  0.1434E+02  0.1238E+03  0.1965E+01
   0.5250E+01  0.1576E+02  0.1144E+03  0.1371E+03  0.1425E+02  0.1707E+02  0.1207E+03  0.2063E+01
   0.5500E+01  0.1451E+02  0.1115E+03  0.1736E+03  0.1508E+02  0.2347E+02  0.1175E+03  0.2162E+01
   0.5750E+01  0.1351E+02  0.1131E+03  0.2047E+03  0.1643E+02  0.2972E+02  0.1173E+03  0.2260E+01
   0.6000E+01  0.1260E+02  0.1143E+03  0.2061E+03  0.1779E+02  0.3207E+02  0.1213E+03  0.2358E+01
   0.6250E+01  0.1166E+02  0.1112E+03  0.1725E+03  0.1871E+02  0.2903E+02  0.1278E+03  0.2456E+01
   0.6500E+01  0.1071E+02  0.1029E+03  0.1204E+03  0.1885E+02  0.2205E+02  0.1337E+03  0.2555E+01
   0.6750E+01  0.9837E+01  0.9181E+02  0.7595E+02  0.1830E+02  0.1514E+02  0.1369E+03  0.2653E+01
   0.7000E+01  0.9012E+01  0.8132E+02  0.5483E+02  0.1770E+02  0.1193E+02  0.1369E+03  0.2751E+01
   0.7250E+01  0.8195E+01  0.7364E+02  0.5415E+02  0.1762E+02  0.1296E+02  0.1352E+03  0.2849E+01
   0.7500E+01  0.7422E+01  0.6871E+02  0.6049E+02  0.1815E+02  0.1598E+02  0.1335E+03  0.2948E+01
   0.7750E+01  0.6727E+01  0.6504E+02  0.6033E+02  0.1895E+02  0.1758E+02  0.1329E+03  0.3046E+01
   0.8000E+01  0.6081E+01  0.6108E+02  0.4972E+02  0.1969E+02  0.1603E+02  0.1330E+03  0.3144E+01
   0.8250E+01  0.5463E+01  0.5639E+02  0.3517E+02  0.2023E+02  0.1262E+02  0.1330E+03  0.3243E+01
   0.8500E+01  0.4931E+01  0.5149E+02  0.2387E+02  0.2047E+02  0.9489E+01  0.1321E+03  0.3341E+01
   0.8750E+01  0.4548E+01  0.4708E+02  0.1800E+02  0.2029E+02  0.7755E+01  0.1303E+03  0.3439E+01
   0.9000E+01  0.4277E+01  0.4351E+02  0.1670E+02  0.1994E+02  0.7653E+01  0.1278E+03  0.3537E+01
   0.9250E+01  0.4031E+01  0.4083E+02  0.1850E+02  0.1985E+02  0.8996E+01  0.1249E+03  0.3636E+01
   0.9500E+01  0.3751E+01  0.3895E+02  0.2219E+02  0.2035E+02  0.1159E+02  0.1219E+03  0.3734E+01
   0.9750E+01  0.3425E+01  0.3774E+02  0.2699E+02  0.2159E+02  0.1544E+02  0.1188E+03  0.3832E+01
   0.1000E+02  0.3066E+01  0.3712E+02  0.3270E+02  0.2372E+02  0.2090E+02  0.1157E+03  0.3930E+01
   0.1025E+02  0.2677E+01  0.3708E+02  0.4007E+02  0.2714E+02  0.2933E+02  0.1126E+03  0.4029E+01
   0.1050E+02  0.2279E+01  0.3775E+02  0.5076E+02  0.3246E+02  0.4364E+02  0.1095E+03  0.4127E+01
   0.1075E+02  0.1940E+01  0.3945E+02  0.6707E+02  0.3984E+02  0.6773E+02  0.1065E+03  0.4225E+01
   0.1100E+02  0.1690E+01  0.4401E+02  0.1255E+03  0.5101E+02  0.1455E+03  0.1040E+03  0.4323E+01
