 3291 0 0 0 0 0 0 0
   0.2500E+00  0.1335E+03  0.8776E+02  0.1605E+03  0.1247E+01  0.2281E+01  0.1236E+01  0.4174E-01
   0.5000E+00  0.1297E+03  0.8791E+02  0.1610E+03  0.1308E+01  0.2395E+01  0.1882E+01  0.8347E-01
   0.7500E+00  0.1249E+03  0.8833E+02  0.1621E+03  0.1387E+01  0.2547E+01  0.2583E+01  0.1252E+00
   0.1000E+01  0.1196E+03  0.8900E+02  0.1641E+03  0.1482E+01  0.2732E+01  0.3382E+01  0.1669E+00
   0.1250E+01  0.1137E+03  0.8996E+02  0.1669E+03  0.1598E+01  0.2965E+01  0.4396E+01  0.2087E+00
   0.1500E+01  0.1073E+03  0.9131E+02  0.1709E+03  0.1743E+01  0.3264E+01  0.5851E+01  0.2504E+00
   0.1750E+01  0.1007E+03  0.9310E+02  0.1766E+03  0.1919E+01  0.3639E+01  0.8098E+01  0.2922E+00
   0.2000E+01  0.9449E+02  0.9540E+02  0.1839E+03  0.2122E+01  0.4090E+01  0.1153E+02  0.3339E+00
   0.2250E+01  0.8901E+02  0.9799E+02  0.1916E+03  0.2340E+01  0.4577E+01  0.1667E+02  0.3756E+00
   0.2500E+01  0.8432E+02  0.9988E+02  0.1930E+03  0.2546E+01  0.4920E+01  0.2368E+02  0.4174E+00
   0.2750E+01  0.8034E+02  0.9975E+02  0.1835E+03  0.2696E+01  0.4959E+01  0.3083E+02  0.4591E+00
   0.3000E+01  0.7701E+02  0.9802E+02  0.1745E+03  0.2791E+01  0.4969E+01  0.3559E+02  0.5008E+00
   0.3250E+01  0.7418E+02  0.9662E+02  0.1744E+03  0.2882E+01  0.5202E+01  0.3824E+02  0.5426E+00
   0.3500E+01  0.7168E+02  0.9613E+02  0.1760E+03  0.2993E+01  0.5481E+01  0.4099E+02  0.5843E+00
   0.3750E+01  0.6944E+02  0.9582E+02  0.1750E+03  0.3104E+01  0.5669E+01  0.4445E+02  0.6260E+00
   0.4000E+01  0.6743E+02  0.9527E+02  0.1730E+03  0.3202E+01  0.5816E+01  0.4811E+02  0.6678E+00
   0.4250E+01  0.6562E+02  0.9447E+02  0.1702E+03  0.3286E+01  0.5920E+01  0.5193E+02  0.7095E+00
   0.4500E+01  0.6399E+02  0.9322E+02  0.1644E+03  0.3348E+01  0.5904E+01  0.5594E+02  0.7513E+00
   0.4750E+01  0.6254E+02  0.9134E+02  0.1560E+03  0.3377E+01  0.5768E+01  0.5976E+02  0.7930E+00
   0.5000E+01  0.6121E+02  0.8908E+02  0.1489E+03  0.3385E+01  0.5656E+01  0.6283E+02  0.8347E+00
   0.5250E+01  0.5991E+02  0.8697E+02  0.1448E+03  0.3395E+01  0.5653E+01  0.6526E+02  0.8765E+00
   0.5500E+01  0.5856E+02  0.8511E+02  0.1413E+03  0.3417E+01  0.5671E+01  0.6758E+02  0.9182E+00
   0.5750E+01  0.5719E+02  0.8331E+02  0.1368E+03  0.3441E+01  0.5653E+01  0.6996E+02  0.9599E+00
   0.6000E+01  0.5581E+02  0.8144E+02  0.1321E+03  0.3463E+01  0.5617E+01  0.7225E+02  0.1002E+01
   0.6250E+01  0.5439E+02  0.7950E+02  0.1270E+03  0.3484E+01  0.5564E+01  0.7446E+02  0.1043E+01
   0.6500E+01  0.5287E+02  0.7744E+02  0.1210E+03  0.3505E+01  0.5477E+01  0.7654E+02  0.1085E+01
   0.6750E+01  0.5124E+02  0.7525E+02  0.1148E+03  0.3528E+01  0.5381E+01  0.7834E+02  0.1127E+01
   0.7000E+01  0.4955E+02  0.7305E+02  0.1094E+03  0.3554E+01  0.5321E+01  0.7973E+02  0.1169E+01
   0.7250E+01  0.4787E+02  0.7100E+02  0.1056E+03  0.3588E+01  0.5336E+01  0.8071E+02  0.1210E+01
   0.7500E+01  0.4613E+02  0.6922E+02  0.1032E+03  0.3642E+01  0.5429E+01  0.8142E+02  0.1252E+01
   0.7750E+01  0.4425E+02  0.6768E+02  0.1014E+03  0.3723E+01  0.5578E+01  0.8207E+02  0.1294E+01
   0.8000E+01  0.4219E+02  0.6629E+02  0.9935E+02  0.3836E+01  0.5750E+01  0.8275E+02  0.1336E+01
   0.8250E+01  0.3997E+02  0.6495E+02  0.9677E+02  0.3978E+01  0.5927E+01  0.8344E+02  0.1377E+01
   0.8500E+01  0.3774E+02  0.6361E+02  0.9390E+02  0.4138E+01  0.6108E+01  0.8403E+02  0.1419E+01
   0.8750E+01  0.3566E+02  0.6230E+02  0.9125E+02  0.4300E+01  0.6298E+01  0.8443E+02  0.1461E+01
   0.9000E+01  0.3381E+02  0.6109E+02  0.8929E+02  0.4457E+01  0.6514E+01  0.8455E+02  0.1503E+01
   0.9250E+01  0.3218E+02  0.6003E+02  0.8826E+02  0.4612E+01  0.6782E+01  0.8441E+02  0.1544E+01
   0.9500E+01  0.3072E+02  0.5919E+02  0.8841E+02  0.4774E+01  0.7130E+01  0.8400E+02  0.1586E+01
   0.9750E+01  0.2943E+02  0.5865E+02  0.9017E+02  0.4947E+01  0.7606E+01  0.8339E+02  0.1628E+01
   0.1000E+02  0.2832E+02  0.5849E+02  0.9378E+02  0.5139E+01  0.8239E+01  0.8270E+02  0.1669E+01
   0.1025E+02  0.2735E+02  0.5870E+02  0.9845E+02  0.5350E+01  0.8973E+01  0.8225E+02  0.1711E+01
   0.1050E+02  0.2649E+02  0.5917E+02  0.1028E+03  0.5578E+01  0.9687E+01  0.8232E+02  0.1753E+01
   0.1075E+02  0.2568E+02  0.5970E+02  0.1055E+03  0.5816E+01  0.1027E+02  0.8302E+02  0.1795E+01
   0.1100E+02  0.2488E+02  0.6015E+02  0.1066E+03  0.6058E+01  0.1074E+02  0.8413E+02  0.1836E+01
   0.1125E+02  0.2408E+02  0.6058E+02  0.1085E+03  0.6312E+01  0.1130E+02  0.8529E+02  0.1878E+01
   0.1150E+02  0.2331E+02  0.6125E+02  0.1138E+03  0.6604E+01  0.1227E+02  0.8646E+02  0.1920E+01
   0.1175E+02  0.2253E+02  0.6223E+02  0.1202E+03  0.6951E+01  0.1342E+02  0.8844E+02  0.1962E+01
   0.1200E+02  0.2176E+02  0.6311E+02  0.1211E+03  0.7310E+01  0.1403E+02  0.9198E+02  0.2003E+01
   0.1225E+02  0.2100E+02  0.6328E+02  0.1146E+03  0.7604E+01  0.1377E+02  0.9654E+02  0.2045E+01
   0.1250E+02  0.2027E+02  0.6258E+02  0.1045E+03  0.7802E+01  0.1303E+02  0.1009E+03  0.2087E+01
   0.1275E+02  0.1955E+02  0.6131E+02  0.9514E+02  0.7938E+01  0.1232E+02  0.1044E+03  0.2129E+01
   0.1300E+02  0.1881E+02  0.5984E+02  0.8795E+02  0.8061E+01  0.1185E+02  0.1071E+03  0.2170E+01
   0.1325E+02  0.1807E+02  0.5838E+02  0.8280E+02  0.8196E+01  0.1162E+02  0.1090E+03  0.2212E+01
   0.1350E+02  0.1737E+02  0.5709E+02  0.7994E+02  0.8347E+01  0.1169E+02  0.1104E+03  0.2254E+01
   0.1375E+02  0.1671E+02  0.5608E+02  0.7992E+02  0.8534E+01  0.1216E+02  0.1113E+03  0.2295E+01
   0.1400E+02  0.1604E+02  0.5546E+02  0.8226E+02  0.8797E+01  0.1305E+02  0.1123E+03  0.2337E+01
   0.1425E+02  0.1532E+02  0.5514E+02  0.8506E+02  0.9168E+01  0.1414E+02  0.1136E+03  0.2379E+01
   0.1450E+02  0.1453E+02  0.5491E+02  0.8588E+02  0.9638E+01  0.1507E+02  0.1157E+03  0.2421E+01
   0.1475E+02  0.1367E+02  0.5450E+02  0.8342E+02  0.1017E+02  0.1557E+02  0.1185E+03  0.2462E+01
   0.1500E+02  0.1280E+02  0.5374E+02  0.7811E+02  0.1072E+02  0.1558E+02  0.1216E+03  0.2504E+01
   0.1525E+02  0.1195E+02  0.5260E+02  0.7126E+02  0.1125E+02  0.1524E+02  0.1247E+03  0.2546E+01
   0.1550E+02  0.1113E+02  0.5114E+02  0.6346E+02  0.1175E+02  0.1458E+02  0.1278E+03  0.2588E+01
   0.1575E+02  0.1032E+02  0.4934E+02  0.5427E+02  0.1224E+02  0.1346E+02  0.1307E+03  0.2629E+01
   0.1600E+02  0.9514E+01  0.4715E+02  0.4282E+02  0.1270E+02  0.1153E+02  0.1335E+03  0.2671E+01
   0.1625E+02  0.8724E+01  0.4442E+02  0.2786E+02  0.1306E+02  0.8192E+01  0.1359E+03  0.2713E+01
   0.1650E+02  0.7987E+01  0.4106E+02  0.9088E+01  0.1319E+02  0.2920E+01  0.1375E+03  0.2755E+01
   0.1675E+02  0.7319E+01  0.3721E+02  0.1000E-01  0.1306E+02  0.3509E-02  0.1373E+03  0.2796E+01
   0.1700E+02  0.6717E+01  0.3357E+02  0.1000E-01  0.1284E+02  0.3826E-02  0.1342E+03  0.2838E+01
   0.1725E+02  0.6167E+01  0.3135E+02  0.1000E-01  0.1307E+02  0.4170E-02  0.1280E+03  0.2880E+01
   0.1750E+02  0.5655E+01  0.3147E+02  0.2239E+02  0.1432E+02  0.1019E+02  0.1204E+03  0.2922E+01
   0.1775E+02  0.5177E+01  0.3494E+02  0.8901E+02  0.1738E+02  0.4426E+02  0.1139E+03  0.2963E+01
