 4027 0 0 0 0 0 0 0
   0.2500E+00  0.1140E+04  0.2228E+04  0.4691E+04  0.3544E+01  0.7461E+01  0.4095E+02  0.3782E-01
   0.5000E+00  0.9311E+03  0.2154E+04  0.4545E+04  0.4242E+01  0.8950E+01  0.6945E+02  0.7564E-01
   0.7500E+00  0.7158E+03  0.2080E+04  0.4230E+04  0.5383E+01  0.1095E+02  0.1076E+03  0.1135E+00
   0.1000E+01  0.5404E+03  0.1898E+04  0.3521E+04  0.6568E+01  0.1219E+02  0.1464E+03  0.1513E+00
   0.1250E+01  0.4159E+03  0.1635E+04  0.2736E+04  0.7419E+01  0.1242E+02  0.1755E+03  0.1891E+00
   0.1500E+01  0.3316E+03  0.1376E+04  0.2165E+04  0.7901E+01  0.1243E+02  0.1934E+03  0.2269E+00
   0.1750E+01  0.2751E+03  0.1164E+04  0.1759E+04  0.8122E+01  0.1227E+02  0.2049E+03  0.2647E+00
   0.2000E+01  0.2369E+03  0.9903E+03  0.1420E+04  0.8082E+01  0.1159E+02  0.2133E+03  0.3026E+00
   0.2250E+01  0.2102E+03  0.8424E+03  0.1134E+04  0.7803E+01  0.1051E+02  0.2188E+03  0.3404E+00
   0.2500E+01  0.1904E+03  0.7164E+03  0.9000E+03  0.7375E+01  0.9266E+01  0.2216E+03  0.3782E+00
   0.2750E+01  0.1745E+03  0.6110E+03  0.7201E+03  0.6904E+01  0.8137E+01  0.2216E+03  0.4160E+00
   0.3000E+01  0.1609E+03  0.5270E+03  0.6040E+03  0.6497E+01  0.7447E+01  0.2190E+03  0.4538E+00
   0.3250E+01  0.1485E+03  0.4640E+03  0.5427E+03  0.6231E+01  0.7288E+01  0.2144E+03  0.4917E+00
   0.3500E+01  0.1372E+03  0.4192E+03  0.5175E+03  0.6123E+01  0.7559E+01  0.2089E+03  0.5295E+00
   0.3750E+01  0.1272E+03  0.3885E+03  0.5138E+03  0.6149E+01  0.8133E+01  0.2033E+03  0.5673E+00
   0.4000E+01  0.1187E+03  0.3676E+03  0.5184E+03  0.6261E+01  0.8829E+01  0.1981E+03  0.6051E+00
   0.4250E+01  0.1119E+03  0.3532E+03  0.5236E+03  0.6408E+01  0.9499E+01  0.1936E+03  0.6430E+00
   0.4500E+01  0.1064E+03  0.3429E+03  0.5289E+03  0.6567E+01  0.1013E+02  0.1897E+03  0.6808E+00
   0.4750E+01  0.1017E+03  0.3357E+03  0.5369E+03  0.6749E+01  0.1079E+02  0.1863E+03  0.7186E+00
   0.5000E+01  0.9742E+02  0.3314E+03  0.5495E+03  0.6978E+01  0.1157E+02  0.1833E+03  0.7564E+00
   0.5250E+01  0.9331E+02  0.3295E+03  0.5662E+03  0.7266E+01  0.1249E+02  0.1810E+03  0.7942E+00
   0.5500E+01  0.8948E+02  0.3296E+03  0.5842E+03  0.7602E+01  0.1347E+02  0.1796E+03  0.8321E+00
   0.5750E+01  0.8623E+02  0.3310E+03  0.5998E+03  0.7941E+01  0.1439E+02  0.1794E+03  0.8699E+00
   0.6000E+01  0.8378E+02  0.3327E+03  0.6107E+03  0.8235E+01  0.1512E+02  0.1803E+03  0.9077E+00
   0.6250E+01  0.8214E+02  0.3341E+03  0.6167E+03  0.8456E+01  0.1561E+02  0.1823E+03  0.9455E+00
   0.6500E+01  0.8104E+02  0.3351E+03  0.6194E+03  0.8613E+01  0.1592E+02  0.1852E+03  0.9833E+00
   0.6750E+01  0.8030E+02  0.3356E+03  0.6199E+03  0.8721E+01  0.1611E+02  0.1890E+03  0.1021E+01
   0.7000E+01  0.7986E+02  0.3354E+03  0.6175E+03  0.8782E+01  0.1617E+02  0.1936E+03  0.1059E+01
   0.7250E+01  0.7964E+02  0.3343E+03  0.6093E+03  0.8792E+01  0.1602E+02  0.1991E+03  0.1097E+01
   0.7500E+01  0.7945E+02  0.3316E+03  0.5914E+03  0.8755E+01  0.1561E+02  0.2056E+03  0.1135E+01
   0.7750E+01  0.7898E+02  0.3265E+03  0.5605E+03  0.8684E+01  0.1491E+02  0.2128E+03  0.1172E+01
   0.8000E+01  0.7812E+02  0.3183E+03  0.5152E+03  0.8572E+01  0.1387E+02  0.2203E+03  0.1210E+01
   0.8250E+01  0.7689E+02  0.3068E+03  0.4576E+03  0.8404E+01  0.1253E+02  0.2273E+03  0.1248E+01
   0.8500E+01  0.7527E+02  0.2925E+03  0.3965E+03  0.8196E+01  0.1111E+02  0.2332E+03  0.1286E+01
   0.8750E+01  0.7317E+02  0.2770E+03  0.3443E+03  0.7993E+01  0.9934E+01  0.2373E+03  0.1324E+01
   0.9000E+01  0.7055E+02  0.2620E+03  0.3076E+03  0.7849E+01  0.9215E+01  0.2397E+03  0.1362E+01
   0.9250E+01  0.6747E+02  0.2487E+03  0.2850E+03  0.7798E+01  0.8936E+01  0.2410E+03  0.1399E+01
   0.9500E+01  0.6411E+02  0.2373E+03  0.2708E+03  0.7838E+01  0.8946E+01  0.2417E+03  0.1437E+01
   0.9750E+01  0.6080E+02  0.2275E+03  0.2599E+03  0.7928E+01  0.9059E+01  0.2424E+03  0.1475E+01
   0.1000E+02  0.5781E+02  0.2186E+03  0.2485E+03  0.8020E+01  0.9118E+01  0.2432E+03  0.1513E+01
   0.1025E+02  0.5518E+02  0.2102E+03  0.2345E+03  0.8085E+01  0.9020E+01  0.2442E+03  0.1551E+01
   0.1050E+02  0.5280E+02  0.2017E+03  0.2160E+03  0.8115E+01  0.8690E+01  0.2455E+03  0.1588E+01
   0.1075E+02  0.5055E+02  0.1928E+03  0.1916E+03  0.8105E+01  0.8058E+01  0.2468E+03  0.1626E+01
   0.1100E+02  0.4838E+02  0.1830E+03  0.1613E+03  0.8045E+01  0.7090E+01  0.2480E+03  0.1664E+01
   0.1125E+02  0.4629E+02  0.1724E+03  0.1274E+03  0.7927E+01  0.5860E+01  0.2485E+03  0.1702E+01
   0.1150E+02  0.4429E+02  0.1614E+03  0.9581E+02  0.7760E+01  0.4607E+01  0.2479E+03  0.1740E+01
   0.1175E+02  0.4232E+02  0.1508E+03  0.7358E+02  0.7592E+01  0.3705E+01  0.2457E+03  0.1778E+01
   0.1200E+02  0.4033E+02  0.1417E+03  0.6630E+02  0.7492E+01  0.3505E+01  0.2420E+03  0.1815E+01
   0.1225E+02  0.3837E+02  0.1350E+03  0.7506E+02  0.7505E+01  0.4172E+01  0.2372E+03  0.1853E+01
   0.1250E+02  0.3657E+02  0.1311E+03  0.9614E+02  0.7647E+01  0.5610E+01  0.2319E+03  0.1891E+01
   0.1275E+02  0.3494E+02  0.1296E+03  0.1231E+03  0.7916E+01  0.7519E+01  0.2269E+03  0.1929E+01
   0.1300E+02  0.3343E+02  0.1298E+03  0.1493E+03  0.8291E+01  0.9536E+01  0.2229E+03  0.1967E+01
   0.1325E+02  0.3202E+02  0.1309E+03  0.1702E+03  0.8738E+01  0.1136E+02  0.2202E+03  0.2004E+01
   0.1350E+02  0.3068E+02  0.1322E+03  0.1830E+03  0.9211E+01  0.1275E+02  0.2189E+03  0.2042E+01
   0.1375E+02  0.2942E+02  0.1328E+03  0.1844E+03  0.9653E+01  0.1340E+02  0.2188E+03  0.2080E+01
   0.1400E+02  0.2824E+02  0.1322E+03  0.1736E+03  0.1001E+02  0.1315E+02  0.2195E+03  0.2118E+01
   0.1425E+02  0.2710E+02  0.1302E+03  0.1572E+03  0.1028E+02  0.1241E+02  0.2200E+03  0.2156E+01
   0.1450E+02  0.2604E+02  0.1277E+03  0.1474E+03  0.1050E+02  0.1212E+02  0.2193E+03  0.2194E+01
   0.1475E+02  0.2507E+02  0.1259E+03  0.1506E+03  0.1075E+02  0.1286E+02  0.2174E+03  0.2231E+01
   0.1500E+02  0.2421E+02  0.1252E+03  0.1628E+03  0.1108E+02  0.1440E+02  0.2153E+03  0.2269E+01
   0.1525E+02  0.2346E+02  0.1257E+03  0.1772E+03  0.1148E+02  0.1619E+02  0.2134E+03  0.2307E+01
   0.1550E+02  0.2276E+02  0.1268E+03  0.1903E+03  0.1194E+02  0.1792E+02  0.2123E+03  0.2345E+01
   0.1575E+02  0.2206E+02  0.1283E+03  0.2022E+03  0.1246E+02  0.1965E+02  0.2119E+03  0.2383E+01
   0.1600E+02  0.2135E+02  0.1301E+03  0.2143E+03  0.1306E+02  0.2152E+02  0.2121E+03  0.2421E+01
   0.1625E+02  0.2061E+02  0.1322E+03  0.2291E+03  0.1376E+02  0.2384E+02  0.2130E+03  0.2458E+01
   0.1650E+02  0.1983E+02  0.1350E+03  0.2479E+03  0.1460E+02  0.2682E+02  0.2150E+03  0.2496E+01
   0.1675E+02  0.1904E+02  0.1380E+03  0.2640E+03  0.1556E+02  0.2976E+02  0.2191E+03  0.2534E+01
   0.1700E+02  0.1829E+02  0.1401E+03  0.2612E+03  0.1643E+02  0.3064E+02  0.2262E+03  0.2572E+01
   0.1725E+02  0.1762E+02  0.1392E+03  0.2221E+03  0.1695E+02  0.2705E+02  0.2359E+03  0.2610E+01
   0.1750E+02  0.1697E+02  0.1333E+03  0.1424E+03  0.1686E+02  0.1801E+02  0.2465E+03  0.2647E+01
   0.1775E+02  0.1630E+02  0.1217E+03  0.3534E+02  0.1603E+02  0.4654E+01  0.2550E+03  0.2685E+01
   0.1800E+02  0.1560E+02  0.9921E+02  0.1000E-01  0.1366E+02  0.1377E-02  0.2602E+03  0.2723E+01
