 5250 0 0 0 0 0 0 0
   0.2500E+00  0.5098E+03  0.1230E+04  0.2474E+04  0.4402E+01  0.8857E+01  0.3781E+02  0.4455E-01
   0.5000E+00  0.4530E+03  0.1107E+04  0.2207E+04  0.4518E+01  0.9010E+01  0.5387E+02  0.8909E-01
   0.7500E+00  0.3897E+03  0.1041E+04  0.2037E+04  0.4998E+01  0.9783E+01  0.7143E+02  0.1336E+00
   0.1000E+01  0.3332E+03  0.9794E+03  0.1879E+04  0.5565E+01  0.1068E+02  0.8886E+02  0.1782E+00
   0.1250E+01  0.2894E+03  0.9137E+03  0.1698E+04  0.6043E+01  0.1123E+02  0.1058E+03  0.2227E+00
   0.1500E+01  0.2571E+03  0.8394E+03  0.1488E+04  0.6311E+01  0.1119E+02  0.1210E+03  0.2673E+00
   0.1750E+01  0.2331E+03  0.7631E+03  0.1302E+04  0.6385E+01  0.1089E+02  0.1327E+03  0.3118E+00
   0.2000E+01  0.2146E+03  0.6959E+03  0.1171E+04  0.6380E+01  0.1074E+02  0.1409E+03  0.3564E+00
   0.2250E+01  0.1995E+03  0.6416E+03  0.1077E+04  0.6378E+01  0.1070E+02  0.1475E+03  0.4009E+00
   0.2500E+01  0.1865E+03  0.5963E+03  0.9930E+03  0.6386E+01  0.1063E+02  0.1538E+03  0.4455E+00
   0.2750E+01  0.1748E+03  0.5555E+03  0.9104E+03  0.6390E+01  0.1047E+02  0.1599E+03  0.4900E+00
   0.3000E+01  0.1641E+03  0.5172E+03  0.8281E+03  0.6376E+01  0.1021E+02  0.1656E+03  0.5346E+00
   0.3250E+01  0.1543E+03  0.4801E+03  0.7453E+03  0.6330E+01  0.9826E+01  0.1708E+03  0.5791E+00
   0.3500E+01  0.1456E+03  0.4441E+03  0.6642E+03  0.6238E+01  0.9330E+01  0.1752E+03  0.6237E+00
   0.3750E+01  0.1378E+03  0.4096E+03  0.5895E+03  0.6107E+01  0.8791E+01  0.1784E+03  0.6682E+00
   0.4000E+01  0.1306E+03  0.3776E+03  0.5255E+03  0.5967E+01  0.8305E+01  0.1804E+03  0.7128E+00
   0.4250E+01  0.1234E+03  0.3489E+03  0.4739E+03  0.5859E+01  0.7960E+01  0.1811E+03  0.7573E+00
   0.4500E+01  0.1159E+03  0.3241E+03  0.4362E+03  0.5818E+01  0.7832E+01  0.1807E+03  0.8018E+00
   0.4750E+01  0.1082E+03  0.3036E+03  0.4124E+03  0.5859E+01  0.7958E+01  0.1793E+03  0.8464E+00
   0.5000E+01  0.1009E+03  0.2875E+03  0.4007E+03  0.5969E+01  0.8320E+01  0.1772E+03  0.8909E+00
   0.5250E+01  0.9430E+02  0.2754E+03  0.3984E+03  0.6136E+01  0.8876E+01  0.1748E+03  0.9355E+00
   0.5500E+01  0.8853E+02  0.2669E+03  0.4037E+03  0.6352E+01  0.9606E+01  0.1724E+03  0.9800E+00
   0.5750E+01  0.8364E+02  0.2617E+03  0.4162E+03  0.6607E+01  0.1051E+02  0.1702E+03  0.1025E+01
   0.6000E+01  0.7964E+02  0.2593E+03  0.4346E+03  0.6893E+01  0.1155E+02  0.1685E+03  0.1069E+01
   0.6250E+01  0.7643E+02  0.2592E+03  0.4546E+03  0.7194E+01  0.1262E+02  0.1680E+03  0.1114E+01
   0.6500E+01  0.7389E+02  0.2601E+03  0.4694E+03  0.7483E+01  0.1350E+02  0.1691E+03  0.1158E+01
   0.6750E+01  0.7184E+02  0.2605E+03  0.4714E+03  0.7722E+01  0.1397E+02  0.1720E+03  0.1203E+01
   0.7000E+01  0.7011E+02  0.2589E+03  0.4564E+03  0.7875E+01  0.1388E+02  0.1764E+03  0.1247E+01
   0.7250E+01  0.6863E+02  0.2542E+03  0.4252E+03  0.7912E+01  0.1323E+02  0.1815E+03  0.1292E+01
   0.7500E+01  0.6732E+02  0.2464E+03  0.3838E+03  0.7830E+01  0.1220E+02  0.1864E+03  0.1336E+01
   0.7750E+01  0.6597E+02  0.2363E+03  0.3411E+03  0.7675E+01  0.1108E+02  0.1900E+03  0.1381E+01
   0.8000E+01  0.6431E+02  0.2255E+03  0.3063E+03  0.7521E+01  0.1022E+02  0.1921E+03  0.1426E+01
   0.8250E+01  0.6217E+02  0.2153E+03  0.2845E+03  0.7438E+01  0.9827E+01  0.1925E+03  0.1470E+01
   0.8500E+01  0.5957E+02  0.2069E+03  0.2746E+03  0.7465E+01  0.9909E+01  0.1918E+03  0.1515E+01
   0.8750E+01  0.5670E+02  0.2004E+03  0.2735E+03  0.7606E+01  0.1038E+02  0.1903E+03  0.1559E+01
   0.9000E+01  0.5371E+02  0.1961E+03  0.2824E+03  0.7866E+01  0.1133E+02  0.1882E+03  0.1604E+01
   0.9250E+01  0.5072E+02  0.1943E+03  0.3022E+03  0.8260E+01  0.1285E+02  0.1860E+03  0.1648E+01
   0.9500E+01  0.4782E+02  0.1948E+03  0.3275E+03  0.8792E+01  0.1478E+02  0.1846E+03  0.1693E+01
   0.9750E+01  0.4506E+02  0.1969E+03  0.3514E+03  0.9440E+01  0.1684E+02  0.1845E+03  0.1737E+01
   0.1000E+02  0.4245E+02  0.1998E+03  0.3704E+03  0.1017E+02  0.1886E+02  0.1861E+03  0.1782E+01
   0.1025E+02  0.4002E+02  0.2024E+03  0.3820E+03  0.1094E+02  0.2065E+02  0.1896E+03  0.1826E+01
   0.1050E+02  0.3780E+02  0.2042E+03  0.3827E+03  0.1169E+02  0.2191E+02  0.1947E+03  0.1871E+01
   0.1075E+02  0.3585E+02  0.2042E+03  0.3696E+03  0.1234E+02  0.2233E+02  0.2014E+03  0.1916E+01
   0.1100E+02  0.3419E+02  0.2016E+03  0.3409E+03  0.1278E+02  0.2161E+02  0.2089E+03  0.1960E+01
   0.1125E+02  0.3274E+02  0.1960E+03  0.2966E+03  0.1298E+02  0.1964E+02  0.2168E+03  0.2005E+01
   0.1150E+02  0.3142E+02  0.1871E+03  0.2381E+03  0.1292E+02  0.1644E+02  0.2240E+03  0.2049E+01
   0.1175E+02  0.3024E+02  0.1750E+03  0.1700E+03  0.1256E+02  0.1221E+02  0.2298E+03  0.2094E+01
   0.1200E+02  0.2921E+02  0.1606E+03  0.1037E+03  0.1194E+02  0.7707E+01  0.2330E+03  0.2138E+01
   0.1225E+02  0.2832E+02  0.1459E+03  0.5546E+02  0.1119E+02  0.4254E+01  0.2327E+03  0.2183E+01
   0.1250E+02  0.2755E+02  0.1332E+03  0.3819E+02  0.1051E+02  0.3013E+01  0.2291E+03  0.2227E+01
   0.1275E+02  0.2682E+02  0.1245E+03  0.5242E+02  0.1010E+02  0.4249E+01  0.2229E+03  0.2272E+01
   0.1300E+02  0.2607E+02  0.1203E+03  0.8743E+02  0.1004E+02  0.7294E+01  0.2159E+03  0.2316E+01
   0.1325E+02  0.2521E+02  0.1197E+03  0.1284E+03  0.1033E+02  0.1108E+02  0.2098E+03  0.2361E+01
   0.1350E+02  0.2423E+02  0.1213E+03  0.1636E+03  0.1090E+02  0.1470E+02  0.2054E+03  0.2406E+01
   0.1375E+02  0.2320E+02  0.1237E+03  0.1875E+03  0.1161E+02  0.1760E+02  0.2030E+03  0.2450E+01
   0.1400E+02  0.2217E+02  0.1258E+03  0.2006E+03  0.1236E+02  0.1971E+02  0.2023E+03  0.2495E+01
   0.1425E+02  0.2114E+02  0.1274E+03  0.2062E+03  0.1313E+02  0.2126E+02  0.2027E+03  0.2539E+01
   0.1450E+02  0.2010E+02  0.1283E+03  0.2080E+03  0.1392E+02  0.2256E+02  0.2036E+03  0.2584E+01
   0.1475E+02  0.1905E+02  0.1289E+03  0.2084E+03  0.1475E+02  0.2386E+02  0.2047E+03  0.2628E+01
   0.1500E+02  0.1801E+02  0.1292E+03  0.2101E+03  0.1565E+02  0.2544E+02  0.2059E+03  0.2673E+01
   0.1525E+02  0.1700E+02  0.1298E+03  0.2153E+03  0.1666E+02  0.2763E+02  0.2071E+03  0.2717E+01
   0.1550E+02  0.1603E+02  0.1307E+03  0.2247E+03  0.1779E+02  0.3059E+02  0.2086E+03  0.2762E+01
   0.1575E+02  0.1512E+02  0.1321E+03  0.2358E+03  0.1907E+02  0.3403E+02  0.2108E+03  0.2806E+01
   0.1600E+02  0.1431E+02  0.1337E+03  0.2442E+03  0.2039E+02  0.3725E+02  0.2141E+03  0.2851E+01
   0.1625E+02  0.1361E+02  0.1349E+03  0.2454E+03  0.2165E+02  0.3937E+02  0.2189E+03  0.2896E+01
   0.1650E+02  0.1299E+02  0.1352E+03  0.2371E+03  0.2274E+02  0.3986E+02  0.2248E+03  0.2940E+01
   0.1675E+02  0.1241E+02  0.1343E+03  0.2201E+03  0.2364E+02  0.3875E+02  0.2315E+03  0.2985E+01
   0.1700E+02  0.1187E+02  0.1320E+03  0.1974E+03  0.2430E+02  0.3635E+02  0.2384E+03  0.3029E+01
   0.1725E+02  0.1136E+02  0.1283E+03  0.1700E+03  0.2469E+02  0.3271E+02  0.2454E+03  0.3074E+01
   0.1750E+02  0.1088E+02  0.1234E+03  0.1369E+03  0.2480E+02  0.2751E+02  0.2523E+03  0.3118E+01
   0.1775E+02  0.1042E+02  0.1168E+03  0.9502E+02  0.2450E+02  0.1993E+02  0.2591E+03  0.3163E+01
   0.1800E+02  0.1001E+02  0.1082E+03  0.4102E+02  0.2364E+02  0.8958E+01  0.2656E+03  0.3207E+01
   0.1825E+02  0.9635E+01  0.9737E+02  0.1000E-01  0.2210E+02  0.2270E-02  0.2709E+03  0.3252E+01
   0.1850E+02  0.9275E+01  0.8433E+02  0.1000E-01  0.1989E+02  0.2358E-02  0.2740E+03  0.3296E+01
   0.1875E+02  0.8936E+01  0.6999E+02  0.1000E-01  0.1714E+02  0.2448E-02  0.2739E+03  0.3341E+01
   0.1900E+02  0.8623E+01  0.5592E+02  0.1000E-01  0.1419E+02  0.2538E-02  0.2697E+03  0.3386E+01
   0.1925E+02  0.8319E+01  0.4402E+02  0.1000E-01  0.1158E+02  0.2631E-02  0.2612E+03  0.3430E+01
   0.1950E+02  0.8007E+01  0.3588E+02  0.1000E-01  0.9809E+01  0.2734E-02  0.2494E+03  0.3475E+01
   0.1975E+02  0.7701E+01  0.3208E+02  0.1000E-01  0.9119E+01  0.2843E-02  0.2359E+03  0.3519E+01
   0.2000E+02  0.7430E+01  0.3201E+02  0.1000E-01  0.9432E+01  0.2947E-02  0.2227E+03  0.3564E+01
   0.2025E+02  0.7198E+01  0.3449E+02  0.1000E-01  0.1049E+02  0.3042E-02  0.2109E+03  0.3608E+01
   0.2050E+02  0.6983E+01  0.3849E+02  0.1181E+02  0.1207E+02  0.3705E+01  0.2012E+03  0.3653E+01
   0.2075E+02  0.6783E+01  0.4328E+02  0.5160E+02  0.1397E+02  0.1666E+02  0.1935E+03  0.3697E+01
   0.2100E+02  0.6614E+01  0.4853E+02  0.8638E+02  0.1607E+02  0.2860E+02  0.1878E+03  0.3742E+01
   0.2125E+02  0.6467E+01  0.5436E+02  0.1230E+03  0.1841E+02  0.4167E+02  0.1837E+03  0.3787E+01
   0.2150E+02  0.6317E+01  0.6352E+02  0.2398E+03  0.2203E+02  0.8317E+02  0.1808E+03  0.3831E+01
