 565 0 0 0 0 0 0 0
   0.2500E+00  0.1145E+03  0.2106E+03  0.4071E+03  0.3715E+01  0.7182E+01  0.1277E+02  0.4422E-01
   0.5000E+00  0.1089E+03  0.1988E+03  0.3891E+03  0.3795E+01  0.7427E+01  0.1764E+02  0.8845E-01
   0.7500E+00  0.1010E+03  0.1937E+03  0.3740E+03  0.4100E+01  0.7915E+01  0.2471E+02  0.1327E+00
   0.1000E+01  0.9193E+02  0.1856E+03  0.3434E+03  0.4430E+01  0.8199E+01  0.3246E+02  0.1769E+00
   0.1250E+01  0.8320E+02  0.1753E+03  0.3164E+03  0.4745E+01  0.8565E+01  0.3834E+02  0.2211E+00
   0.1500E+01  0.7556E+02  0.1661E+03  0.2974E+03  0.5075E+01  0.9088E+01  0.4285E+02  0.2653E+00
   0.1750E+01  0.6918E+02  0.1575E+03  0.2749E+03  0.5384E+01  0.9396E+01  0.4703E+02  0.3096E+00
   0.2000E+01  0.6405E+02  0.1495E+03  0.2577E+03  0.5648E+01  0.9735E+01  0.4993E+02  0.3538E+00
   0.2250E+01  0.6001E+02  0.1438E+03  0.2531E+03  0.5928E+01  0.1043E+02  0.5162E+02  0.3980E+00
   0.2500E+01  0.5675E+02  0.1404E+03  0.2512E+03  0.6251E+01  0.1118E+02  0.5360E+02  0.4422E+00
   0.2750E+01  0.5396E+02  0.1379E+03  0.2471E+03  0.6588E+01  0.1181E+02  0.5622E+02  0.4865E+00
   0.3000E+01  0.5150E+02  0.1358E+03  0.2458E+03  0.6932E+01  0.1254E+02  0.5903E+02  0.5307E+00
   0.3250E+01  0.4935E+02  0.1344E+03  0.2459E+03  0.7290E+01  0.1334E+02  0.6246E+02  0.5749E+00
   0.3500E+01  0.4746E+02  0.1324E+03  0.2379E+03  0.7602E+01  0.1365E+02  0.6720E+02  0.6191E+00
   0.3750E+01  0.4575E+02  0.1284E+03  0.2180E+03  0.7777E+01  0.1320E+02  0.7254E+02  0.6634E+00
   0.4000E+01  0.4412E+02  0.1224E+03  0.1942E+03  0.7807E+01  0.1239E+02  0.7704E+02  0.7076E+00
   0.4250E+01  0.4249E+02  0.1155E+03  0.1738E+03  0.7763E+01  0.1168E+02  0.8003E+02  0.7518E+00
   0.4500E+01  0.4081E+02  0.1087E+03  0.1569E+03  0.7716E+01  0.1114E+02  0.8167E+02  0.7960E+00
   0.4750E+01  0.3915E+02  0.1025E+03  0.1445E+03  0.7693E+01  0.1084E+02  0.8199E+02  0.8402E+00
   0.5000E+01  0.3763E+02  0.9776E+02  0.1405E+03  0.7729E+01  0.1111E+02  0.8086E+02  0.8845E+00
   0.5250E+01  0.3636E+02  0.9511E+02  0.1473E+03  0.7877E+01  0.1220E+02  0.7862E+02  0.9287E+00
   0.5500E+01  0.3538E+02  0.9492E+02  0.1625E+03  0.8171E+01  0.1399E+02  0.7632E+02  0.9729E+00
   0.5750E+01  0.3461E+02  0.9662E+02  0.1796E+03  0.8597E+01  0.1598E+02  0.7530E+02  0.1017E+01
   0.6000E+01  0.3387E+02  0.9910E+02  0.1920E+03  0.9101E+01  0.1764E+02  0.7650E+02  0.1061E+01
   0.6250E+01  0.3309E+02  0.1011E+03  0.1958E+03  0.9601E+01  0.1859E+02  0.7990E+02  0.1106E+01
   0.6500E+01  0.3225E+02  0.1019E+03  0.1910E+03  0.1002E+02  0.1877E+02  0.8468E+02  0.1150E+01
   0.6750E+01  0.3142E+02  0.1012E+03  0.1798E+03  0.1030E+02  0.1830E+02  0.8986E+02  0.1194E+01
   0.7000E+01  0.3061E+02  0.9901E+02  0.1645E+03  0.1043E+02  0.1734E+02  0.9468E+02  0.1238E+01
   0.7250E+01  0.2981E+02  0.9596E+02  0.1502E+03  0.1047E+02  0.1638E+02  0.9853E+02  0.1282E+01
   0.7500E+01  0.2892E+02  0.9286E+02  0.1423E+03  0.1052E+02  0.1612E+02  0.1013E+03  0.1327E+01
   0.7750E+01  0.2790E+02  0.9011E+02  0.1370E+03  0.1066E+02  0.1620E+02  0.1038E+03  0.1371E+01
   0.8000E+01  0.2678E+02  0.8708E+02  0.1248E+03  0.1080E+02  0.1547E+02  0.1068E+03  0.1415E+01
   0.8250E+01  0.2560E+02  0.8307E+02  0.1058E+03  0.1085E+02  0.1382E+02  0.1094E+03  0.1459E+01
   0.8500E+01  0.2436E+02  0.7846E+02  0.8958E+02  0.1084E+02  0.1237E+02  0.1104E+03  0.1504E+01
   0.8750E+01  0.2302E+02  0.7441E+02  0.8406E+02  0.1094E+02  0.1236E+02  0.1095E+03  0.1548E+01
   0.9000E+01  0.2163E+02  0.7199E+02  0.9132E+02  0.1133E+02  0.1437E+02  0.1071E+03  0.1592E+01
   0.9250E+01  0.2024E+02  0.7155E+02  0.1073E+03  0.1210E+02  0.1815E+02  0.1046E+03  0.1636E+01
   0.9500E+01  0.1889E+02  0.7266E+02  0.1244E+03  0.1323E+02  0.2266E+02  0.1033E+03  0.1680E+01
   0.9750E+01  0.1760E+02  0.7436E+02  0.1360E+03  0.1461E+02  0.2673E+02  0.1040E+03  0.1725E+01
   0.1000E+02  0.1634E+02  0.7578E+02  0.1397E+03  0.1612E+02  0.2972E+02  0.1066E+03  0.1769E+01
   0.1025E+02  0.1515E+02  0.7646E+02  0.1377E+03  0.1762E+02  0.3173E+02  0.1102E+03  0.1813E+01
   0.1050E+02  0.1407E+02  0.7644E+02  0.1333E+03  0.1905E+02  0.3321E+02  0.1142E+03  0.1857E+01
   0.1075E+02  0.1313E+02  0.7588E+02  0.1279E+03  0.2035E+02  0.3430E+02  0.1185E+03  0.1902E+01
   0.1100E+02  0.1229E+02  0.7486E+02  0.1215E+03  0.2155E+02  0.3497E+02  0.1231E+03  0.1946E+01
   0.1125E+02  0.1150E+02  0.7329E+02  0.1125E+03  0.2262E+02  0.3474E+02  0.1283E+03  0.1990E+01
   0.1150E+02  0.1075E+02  0.7057E+02  0.9421E+02  0.2340E+02  0.3124E+02  0.1345E+03  0.2034E+01
   0.1175E+02  0.1003E+02  0.6527E+02  0.5319E+02  0.2327E+02  0.1896E+02  0.1417E+03  0.2079E+01
   0.1200E+02  0.9366E+01  0.5259E+02  0.1000E-01  0.2016E+02  0.3833E-02  0.1488E+03  0.2123E+01
