 12437 0 0 0 0 0 0 0
   0.2500E+00  0.3653E+03  0.2920E+03  0.5638E+03  0.1497E+01  0.2891E+01  0.1236E+02  0.6728E-01
   0.5000E+00  0.3253E+03  0.2796E+03  0.5349E+03  0.1646E+01  0.3148E+01  0.1849E+02  0.1346E+00
   0.7500E+00  0.2815E+03  0.2722E+03  0.5148E+03  0.1888E+01  0.3572E+01  0.2529E+02  0.2018E+00
   0.1000E+01  0.2418E+03  0.2638E+03  0.4900E+03  0.2170E+01  0.4031E+01  0.3224E+02  0.2691E+00
   0.1250E+01  0.2095E+03  0.2531E+03  0.4564E+03  0.2442E+01  0.4404E+01  0.3863E+02  0.3364E+00
   0.1500E+01  0.1841E+03  0.2409E+03  0.4239E+03  0.2685E+01  0.4724E+01  0.4311E+02  0.4037E+00
   0.1750E+01  0.1641E+03  0.2305E+03  0.4044E+03  0.2921E+01  0.5125E+01  0.4526E+02  0.4709E+00
   0.2000E+01  0.1482E+03  0.2230E+03  0.3939E+03  0.3167E+01  0.5593E+01  0.4615E+02  0.5382E+00
   0.2250E+01  0.1357E+03  0.2176E+03  0.3848E+03  0.3411E+01  0.6031E+01  0.4647E+02  0.6055E+00
   0.2500E+01  0.1262E+03  0.2142E+03  0.3835E+03  0.3646E+01  0.6526E+01  0.4553E+02  0.6728E+00
   0.2750E+01  0.1192E+03  0.2141E+03  0.3968E+03  0.3887E+01  0.7205E+01  0.4337E+02  0.7401E+00
   0.3000E+01  0.1145E+03  0.2171E+03  0.4164E+03  0.4135E+01  0.7930E+01  0.4215E+02  0.8073E+00
   0.3250E+01  0.1116E+03  0.2215E+03  0.4312E+03  0.4359E+01  0.8485E+01  0.4367E+02  0.8746E+00
   0.3500E+01  0.1100E+03  0.2255E+03  0.4394E+03  0.4531E+01  0.8829E+01  0.4741E+02  0.9419E+00
   0.3750E+01  0.1093E+03  0.2288E+03  0.4456E+03  0.4650E+01  0.9054E+01  0.5208E+02  0.1009E+01
   0.4000E+01  0.1095E+03  0.2318E+03  0.4519E+03  0.4726E+01  0.9216E+01  0.5726E+02  0.1076E+01
   0.4250E+01  0.1097E+03  0.2344E+03  0.4566E+03  0.4788E+01  0.9330E+01  0.6311E+02  0.1144E+01
   0.4500E+01  0.1092E+03  0.2363E+03  0.4579E+03  0.4871E+01  0.9437E+01  0.6957E+02  0.1211E+01
   0.4750E+01  0.1077E+03  0.2374E+03  0.4555E+03  0.4980E+01  0.9554E+01  0.7631E+02  0.1278E+01
   0.5000E+01  0.1057E+03  0.2376E+03  0.4504E+03  0.5093E+01  0.9656E+01  0.8298E+02  0.1346E+01
   0.5250E+01  0.1036E+03  0.2370E+03  0.4445E+03  0.5203E+01  0.9757E+01  0.8933E+02  0.1413E+01
   0.5500E+01  0.1010E+03  0.2361E+03  0.4398E+03  0.5329E+01  0.9927E+01  0.9527E+02  0.1480E+01
   0.5750E+01  0.9772E+02  0.2352E+03  0.4378E+03  0.5501E+01  0.1024E+02  0.1009E+03  0.1547E+01
   0.6000E+01  0.9381E+02  0.2346E+03  0.4380E+03  0.5729E+01  0.1069E+02  0.1066E+03  0.1615E+01
   0.6250E+01  0.8941E+02  0.2342E+03  0.4373E+03  0.6012E+01  0.1123E+02  0.1128E+03  0.1682E+01
   0.6500E+01  0.8467E+02  0.2334E+03  0.4332E+03  0.6340E+01  0.1177E+02  0.1196E+03  0.1749E+01
   0.6750E+01  0.7970E+02  0.2319E+03  0.4244E+03  0.6703E+01  0.1227E+02  0.1268E+03  0.1817E+01
   0.7000E+01  0.7471E+02  0.2292E+03  0.4101E+03  0.7081E+01  0.1267E+02  0.1344E+03  0.1884E+01
   0.7250E+01  0.6994E+02  0.2252E+03  0.3902E+03  0.7443E+01  0.1290E+02  0.1422E+03  0.1951E+01
   0.7500E+01  0.6564E+02  0.2196E+03  0.3642E+03  0.7746E+01  0.1285E+02  0.1498E+03  0.2018E+01
   0.7750E+01  0.6195E+02  0.2124E+03  0.3327E+03  0.7949E+01  0.1245E+02  0.1571E+03  0.2086E+01
   0.8000E+01  0.5876E+02  0.2035E+03  0.2956E+03  0.8039E+01  0.1168E+02  0.1638E+03  0.2153E+01
   0.8250E+01  0.5576E+02  0.1929E+03  0.2524E+03  0.8038E+01  0.1052E+02  0.1695E+03  0.2220E+01
   0.8500E+01  0.5259E+02  0.1807E+03  0.2069E+03  0.7994E+01  0.9152E+01  0.1738E+03  0.2287E+01
   0.8750E+01  0.4921E+02  0.1680E+03  0.1676E+03  0.7951E+01  0.7932E+01  0.1760E+03  0.2355E+01
   0.9000E+01  0.4582E+02  0.1561E+03  0.1427E+03  0.7942E+01  0.7259E+01  0.1759E+03  0.2422E+01
   0.9250E+01  0.4264E+02  0.1465E+03  0.1366E+03  0.8018E+01  0.7474E+01  0.1737E+03  0.2489E+01
   0.9500E+01  0.3972E+02  0.1401E+03  0.1483E+03  0.8239E+01  0.8716E+01  0.1703E+03  0.2557E+01
   0.9750E+01  0.3706E+02  0.1371E+03  0.1712E+03  0.8643E+01  0.1080E+02  0.1668E+03  0.2624E+01
   0.1000E+02  0.3457E+02  0.1366E+03  0.1971E+03  0.9241E+01  0.1334E+02  0.1644E+03  0.2691E+01
   0.1025E+02  0.3215E+02  0.1375E+03  0.2189E+03  0.1001E+02  0.1594E+02  0.1637E+03  0.2758E+01
   0.1050E+02  0.2979E+02  0.1388E+03  0.2309E+03  0.1091E+02  0.1815E+02  0.1650E+03  0.2826E+01
   0.1075E+02  0.2753E+02  0.1391E+03  0.2287E+03  0.1184E+02  0.1946E+02  0.1683E+03  0.2893E+01
   0.1100E+02  0.2538E+02  0.1376E+03  0.2120E+03  0.1271E+02  0.1958E+02  0.1726E+03  0.2960E+01
   0.1125E+02  0.2334E+02  0.1342E+03  0.1869E+03  0.1349E+02  0.1879E+02  0.1767E+03  0.3028E+01
   0.1150E+02  0.2139E+02  0.1294E+03  0.1622E+03  0.1420E+02  0.1781E+02  0.1799E+03  0.3095E+01
   0.1175E+02  0.1952E+02  0.1243E+03  0.1450E+03  0.1495E+02  0.1745E+02  0.1817E+03  0.3162E+01
   0.1200E+02  0.1775E+02  0.1197E+03  0.1383E+03  0.1585E+02  0.1831E+02  0.1824E+03  0.3229E+01
   0.1225E+02  0.1607E+02  0.1163E+03  0.1405E+03  0.1702E+02  0.2055E+02  0.1825E+03  0.3297E+01
   0.1250E+02  0.1457E+02  0.1140E+03  0.1450E+03  0.1840E+02  0.2340E+02  0.1831E+03  0.3364E+01
   0.1275E+02  0.1330E+02  0.1118E+03  0.1424E+03  0.1978E+02  0.2519E+02  0.1847E+03  0.3431E+01
   0.1300E+02  0.1223E+02  0.1090E+03  0.1289E+03  0.2097E+02  0.2481E+02  0.1871E+03  0.3498E+01
   0.1325E+02  0.1128E+02  0.1052E+03  0.1112E+03  0.2194E+02  0.2320E+02  0.1893E+03  0.3566E+01
   0.1350E+02  0.1040E+02  0.1008E+03  0.9553E+02  0.2283E+02  0.2163E+02  0.1908E+03  0.3633E+01
   0.1375E+02  0.9576E+01  0.9632E+02  0.8165E+02  0.2369E+02  0.2009E+02  0.1917E+03  0.3700E+01
   0.1400E+02  0.8810E+01  0.9188E+02  0.7000E+02  0.2457E+02  0.1872E+02  0.1919E+03  0.3768E+01
   0.1425E+02  0.8133E+01  0.8772E+02  0.6250E+02  0.2542E+02  0.1811E+02  0.1915E+03  0.3835E+01
   0.1450E+02  0.7557E+01  0.8405E+02  0.5837E+02  0.2622E+02  0.1821E+02  0.1905E+03  0.3902E+01
   0.1475E+02  0.7032E+01  0.8084E+02  0.5568E+02  0.2711E+02  0.1867E+02  0.1894E+03  0.3969E+01
   0.1500E+02  0.6501E+01  0.7799E+02  0.5364E+02  0.2830E+02  0.1946E+02  0.1881E+03  0.4037E+01
   0.1525E+02  0.5962E+01  0.7546E+02  0.5235E+02  0.2986E+02  0.2071E+02  0.1866E+03  0.4104E+01
   0.1550E+02  0.5459E+01  0.7325E+02  0.5226E+02  0.3166E+02  0.2259E+02  0.1849E+03  0.4171E+01
   0.1575E+02  0.5027E+01  0.7139E+02  0.5353E+02  0.3352E+02  0.2513E+02  0.1831E+03  0.4239E+01
   0.1600E+02  0.4655E+01  0.6990E+02  0.5606E+02  0.3544E+02  0.2843E+02  0.1811E+03  0.4306E+01
   0.1625E+02  0.4314E+01  0.6878E+02  0.5979E+02  0.3764E+02  0.3272E+02  0.1791E+03  0.4373E+01
   0.1650E+02  0.3988E+01  0.6804E+02  0.6459E+02  0.4028E+02  0.3824E+02  0.1770E+03  0.4440E+01
   0.1675E+02  0.3680E+01  0.6773E+02  0.7146E+02  0.4346E+02  0.4586E+02  0.1749E+03  0.4508E+01
   0.1700E+02  0.3388E+01  0.6810E+02  0.8438E+02  0.4747E+02  0.5881E+02  0.1727E+03  0.4575E+01
   0.1725E+02  0.3107E+01  0.6950E+02  0.1055E+03  0.5284E+02  0.8017E+02  0.1710E+03  0.4642E+01
   0.1750E+02  0.2846E+01  0.7169E+02  0.1249E+03  0.5950E+02  0.1037E+03  0.1713E+03  0.4709E+01
   0.1775E+02  0.2627E+01  0.7342E+02  0.1263E+03  0.6603E+02  0.1136E+03  0.1746E+03  0.4777E+01
   0.1800E+02  0.2455E+01  0.7322E+02  0.1039E+03  0.7046E+02  0.9995E+02  0.1800E+03  0.4844E+01
   0.1825E+02  0.2301E+01  0.7050E+02  0.6665E+02  0.7239E+02  0.6844E+02  0.1852E+03  0.4911E+01
   0.1850E+02  0.2137E+01  0.6449E+02  0.1000E-01  0.7130E+02  0.1106E-01  0.1887E+03  0.4979E+01
