 6946 0 0 0 0 0 0 0
   0.2500E+00  0.8688E+04  0.7065E+04  0.9289E+04  0.8131E+00  0.1069E+01  0.2059E+03  0.8170E-01
   0.5000E+00  0.5933E+04  0.2891E+04  0.4060E+04  0.4873E+00  0.6843E+00  0.2060E+03  0.1634E+00
   0.7500E+00  0.3582E+04  0.1766E+04  0.2499E+04  0.4932E+00  0.6978E+00  0.2007E+03  0.2451E+00
   0.1000E+01  0.2122E+04  0.1277E+04  0.1887E+04  0.6018E+00  0.8892E+00  0.1935E+03  0.3268E+00
   0.1250E+01  0.1430E+04  0.1031E+04  0.1606E+04  0.7213E+00  0.1123E+01  0.1872E+03  0.4085E+00
   0.1500E+01  0.1119E+04  0.8933E+03  0.1453E+04  0.7982E+00  0.1299E+01  0.1828E+03  0.4902E+00
   0.1750E+01  0.9609E+03  0.8041E+03  0.1334E+04  0.8368E+00  0.1388E+01  0.1808E+03  0.5719E+00
   0.2000E+01  0.8678E+03  0.7371E+03  0.1227E+04  0.8494E+00  0.1414E+01  0.1804E+03  0.6536E+00
   0.2250E+01  0.8021E+03  0.6835E+03  0.1141E+04  0.8521E+00  0.1422E+01  0.1807E+03  0.7353E+00
   0.2500E+01  0.7438E+03  0.6407E+03  0.1077E+04  0.8615E+00  0.1449E+01  0.1814E+03  0.8170E+00
   0.2750E+01  0.6866E+03  0.6070E+03  0.1032E+04  0.8841E+00  0.1503E+01  0.1827E+03  0.8987E+00
   0.3000E+01  0.6329E+03  0.5800E+03  0.9953E+03  0.9164E+00  0.1573E+01  0.1848E+03  0.9804E+00
   0.3250E+01  0.5843E+03  0.5563E+03  0.9543E+03  0.9520E+00  0.1633E+01  0.1881E+03  0.1062E+01
   0.3500E+01  0.5393E+03  0.5323E+03  0.8965E+03  0.9870E+00  0.1662E+01  0.1926E+03  0.1144E+01
   0.3750E+01  0.4958E+03  0.5054E+03  0.8188E+03  0.1019E+01  0.1652E+01  0.1975E+03  0.1225E+01
   0.4000E+01  0.4534E+03  0.4756E+03  0.7355E+03  0.1049E+01  0.1622E+01  0.2019E+03  0.1307E+01
   0.4250E+01  0.4123E+03  0.4461E+03  0.6689E+03  0.1082E+01  0.1622E+01  0.2047E+03  0.1389E+01
   0.4500E+01  0.3729E+03  0.4205E+03  0.6301E+03  0.1128E+01  0.1690E+01  0.2061E+03  0.1471E+01
   0.4750E+01  0.3378E+03  0.4005E+03  0.6132E+03  0.1186E+01  0.1815E+01  0.2069E+03  0.1552E+01
   0.5000E+01  0.3096E+03  0.3852E+03  0.6042E+03  0.1245E+01  0.1952E+01  0.2081E+03  0.1634E+01
   0.5250E+01  0.2852E+03  0.3727E+03  0.5919E+03  0.1307E+01  0.2075E+01  0.2103E+03  0.1716E+01
   0.5500E+01  0.2603E+03  0.3608E+03  0.5722E+03  0.1386E+01  0.2198E+01  0.2133E+03  0.1797E+01
   0.5750E+01  0.2356E+03  0.3482E+03  0.5413E+03  0.1478E+01  0.2298E+01  0.2173E+03  0.1879E+01
   0.6000E+01  0.2154E+03  0.3335E+03  0.4948E+03  0.1548E+01  0.2297E+01  0.2218E+03  0.1961E+01
   0.6250E+01  0.2006E+03  0.3158E+03  0.4344E+03  0.1575E+01  0.2166E+01  0.2263E+03  0.2042E+01
   0.6500E+01  0.1879E+03  0.2958E+03  0.3705E+03  0.1574E+01  0.1972E+01  0.2299E+03  0.2124E+01
   0.6750E+01  0.1744E+03  0.2750E+03  0.3148E+03  0.1577E+01  0.1805E+01  0.2322E+03  0.2206E+01
   0.7000E+01  0.1595E+03  0.2552E+03  0.2732E+03  0.1600E+01  0.1714E+01  0.2330E+03  0.2288E+01
   0.7250E+01  0.1444E+03  0.2375E+03  0.2451E+03  0.1645E+01  0.1697E+01  0.2328E+03  0.2369E+01
   0.7500E+01  0.1315E+03  0.2223E+03  0.2260E+03  0.1691E+01  0.1719E+01  0.2319E+03  0.2451E+01
   0.7750E+01  0.1219E+03  0.2091E+03  0.2116E+03  0.1715E+01  0.1736E+01  0.2307E+03  0.2533E+01
   0.8000E+01  0.1151E+03  0.1977E+03  0.1995E+03  0.1717E+01  0.1733E+01  0.2293E+03  0.2614E+01
   0.8250E+01  0.1093E+03  0.1875E+03  0.1884E+03  0.1716E+01  0.1724E+01  0.2279E+03  0.2696E+01
   0.8500E+01  0.1031E+03  0.1784E+03  0.1786E+03  0.1731E+01  0.1733E+01  0.2263E+03  0.2778E+01
   0.8750E+01  0.9569E+02  0.1703E+03  0.1719E+03  0.1780E+01  0.1797E+01  0.2244E+03  0.2859E+01
   0.9000E+01  0.8678E+02  0.1635E+03  0.1695E+03  0.1884E+01  0.1953E+01  0.2223E+03  0.2941E+01
   0.9250E+01  0.7661E+02  0.1579E+03  0.1716E+03  0.2062E+01  0.2240E+01  0.2202E+03  0.3023E+01
   0.9500E+01  0.6629E+02  0.1537E+03  0.1768E+03  0.2318E+01  0.2668E+01  0.2182E+03  0.3105E+01
   0.9750E+01  0.5728E+02  0.1503E+03  0.1812E+03  0.2625E+01  0.3164E+01  0.2167E+03  0.3186E+01
   0.1000E+02  0.5015E+02  0.1473E+03  0.1811E+03  0.2938E+01  0.3610E+01  0.2157E+03  0.3268E+01
   0.1025E+02  0.4457E+02  0.1442E+03  0.1762E+03  0.3235E+01  0.3954E+01  0.2152E+03  0.3350E+01
   0.1050E+02  0.3948E+02  0.1408E+03  0.1691E+03  0.3565E+01  0.4282E+01  0.2148E+03  0.3431E+01
   0.1075E+02  0.3391E+02  0.1372E+03  0.1617E+03  0.4046E+01  0.4769E+01  0.2142E+03  0.3513E+01
   0.1100E+02  0.2830E+02  0.1337E+03  0.1560E+03  0.4723E+01  0.5511E+01  0.2136E+03  0.3595E+01
   0.1125E+02  0.2381E+02  0.1305E+03  0.1530E+03  0.5481E+01  0.6427E+01  0.2126E+03  0.3676E+01
   0.1150E+02  0.2051E+02  0.1278E+03  0.1529E+03  0.6231E+01  0.7457E+01  0.2116E+03  0.3758E+01
   0.1175E+02  0.1817E+02  0.1257E+03  0.1552E+03  0.6916E+01  0.8539E+01  0.2107E+03  0.3840E+01
   0.1200E+02  0.1641E+02  0.1241E+03  0.1591E+03  0.7563E+01  0.9695E+01  0.2099E+03  0.3922E+01
   0.1225E+02  0.1497E+02  0.1229E+03  0.1632E+03  0.8210E+01  0.1090E+02  0.2096E+03  0.4003E+01
   0.1250E+02  0.1367E+02  0.1218E+03  0.1644E+03  0.8913E+01  0.1202E+02  0.2100E+03  0.4085E+01
   0.1275E+02  0.1246E+02  0.1204E+03  0.1589E+03  0.9664E+01  0.1276E+02  0.2111E+03  0.4167E+01
   0.1300E+02  0.1149E+02  0.1181E+03  0.1455E+03  0.1028E+02  0.1267E+02  0.2127E+03  0.4248E+01
   0.1325E+02  0.1060E+02  0.1147E+03  0.1258E+03  0.1082E+02  0.1187E+02  0.2142E+03  0.4330E+01
   0.1350E+02  0.9758E+01  0.1103E+03  0.1046E+03  0.1130E+02  0.1072E+02  0.2151E+03  0.4412E+01
   0.1375E+02  0.8818E+01  0.1055E+03  0.8767E+02  0.1197E+02  0.9942E+01  0.2150E+03  0.4493E+01
   0.1400E+02  0.7773E+01  0.1011E+03  0.7838E+02  0.1301E+02  0.1008E+02  0.2137E+03  0.4575E+01
   0.1425E+02  0.7072E+01  0.9749E+02  0.7655E+02  0.1379E+02  0.1082E+02  0.2116E+03  0.4657E+01
   0.1450E+02  0.6634E+01  0.9492E+02  0.8169E+02  0.1431E+02  0.1231E+02  0.2090E+03  0.4739E+01
   0.1475E+02  0.6294E+01  0.9354E+02  0.9310E+02  0.1486E+02  0.1479E+02  0.2062E+03  0.4820E+01
   0.1500E+02  0.6097E+01  0.9327E+02  0.1077E+03  0.1530E+02  0.1767E+02  0.2037E+03  0.4902E+01
   0.1525E+02  0.5949E+01  0.9374E+02  0.1210E+03  0.1576E+02  0.2033E+02  0.2021E+03  0.4984E+01
   0.1550E+02  0.5784E+01  0.9442E+02  0.1289E+03  0.1632E+02  0.2229E+02  0.2015E+03  0.5065E+01
   0.1575E+02  0.5528E+01  0.9480E+02  0.1304E+03  0.1715E+02  0.2359E+02  0.2019E+03  0.5147E+01
   0.1600E+02  0.4944E+01  0.9462E+02  0.1266E+03  0.1914E+02  0.2560E+02  0.2029E+03  0.5229E+01
   0.1625E+02  0.4250E+01  0.9382E+02  0.1191E+03  0.2207E+02  0.2803E+02  0.2041E+03  0.5310E+01
   0.1650E+02  0.3861E+01  0.9246E+02  0.1099E+03  0.2395E+02  0.2846E+02  0.2053E+03  0.5392E+01
   0.1675E+02  0.3482E+01  0.9065E+02  0.9986E+02  0.2603E+02  0.2868E+02  0.2062E+03  0.5474E+01
   0.1700E+02  0.3003E+01  0.8813E+02  0.7893E+02  0.2935E+02  0.2629E+02  0.2068E+03  0.5556E+01
