 1037 0 0 0 0 0 0 0
   0.2500E+00  0.3344E+03  0.6718E+03  0.1314E+04  0.3835E+01  0.7499E+01  0.8307E+01  0.2256E-01
   0.5000E+00  0.3190E+03  0.6705E+03  0.1298E+04  0.4056E+01  0.7851E+01  0.1715E+02  0.4512E-01
   0.7500E+00  0.3001E+03  0.6712E+03  0.1303E+04  0.4361E+01  0.8464E+01  0.2490E+02  0.6768E-01
   0.1000E+01  0.2778E+03  0.6739E+03  0.1311E+04  0.4778E+01  0.9297E+01  0.3390E+02  0.9024E-01
   0.1250E+01  0.2545E+03  0.6731E+03  0.1292E+04  0.5261E+01  0.1010E+02  0.4458E+02  0.1128E+00
   0.1500E+01  0.2342E+03  0.6712E+03  0.1296E+04  0.5757E+01  0.1112E+02  0.5307E+02  0.1354E+00
   0.1750E+01  0.2153E+03  0.6709E+03  0.1296E+04  0.6318E+01  0.1220E+02  0.6268E+02  0.1579E+00
   0.2000E+01  0.1978E+03  0.6669E+03  0.1267E+04  0.6898E+01  0.1311E+02  0.7324E+02  0.1805E+00
   0.2250E+01  0.1834E+03  0.6629E+03  0.1272E+04  0.7462E+01  0.1432E+02  0.8160E+02  0.2030E+00
   0.2500E+01  0.1700E+03  0.6600E+03  0.1260E+04  0.8087E+01  0.1544E+02  0.9154E+02  0.2256E+00
   0.2750E+01  0.1578E+03  0.6534E+03  0.1225E+04  0.8695E+01  0.1631E+02  0.1019E+03  0.2482E+00
   0.3000E+01  0.1491E+03  0.6473E+03  0.1230E+04  0.9195E+01  0.1747E+02  0.1102E+03  0.2707E+00
   0.3250E+01  0.1412E+03  0.6418E+03  0.1204E+04  0.9702E+01  0.1821E+02  0.1204E+03  0.2933E+00
   0.3500E+01  0.1341E+03  0.6323E+03  0.1164E+04  0.1014E+02  0.1867E+02  0.1304E+03  0.3158E+00
   0.3750E+01  0.1290E+03  0.6238E+03  0.1165E+04  0.1048E+02  0.1956E+02  0.1388E+03  0.3384E+00
   0.4000E+01  0.1241E+03  0.6147E+03  0.1120E+04  0.1081E+02  0.1970E+02  0.1492E+03  0.3610E+00
   0.4250E+01  0.1194E+03  0.6011E+03  0.1070E+04  0.1107E+02  0.1970E+02  0.1588E+03  0.3835E+00
   0.4500E+01  0.1157E+03  0.5889E+03  0.1062E+04  0.1127E+02  0.2032E+02  0.1665E+03  0.4061E+00
   0.4750E+01  0.1118E+03  0.5768E+03  0.1014E+04  0.1150E+02  0.2022E+02  0.1760E+03  0.4286E+00
   0.5000E+01  0.1078E+03  0.5627E+03  0.9813E+03  0.1171E+02  0.2043E+02  0.1844E+03  0.4512E+00
   0.5250E+01  0.1041E+03  0.5500E+03  0.9653E+03  0.1193E+02  0.2094E+02  0.1930E+03  0.4738E+00
   0.5500E+01  0.1002E+03  0.5323E+03  0.8669E+03  0.1207E+02  0.1966E+02  0.2041E+03  0.4963E+00
   0.5750E+01  0.9653E+02  0.5076E+03  0.7808E+03  0.1202E+02  0.1848E+02  0.2126E+03  0.5189E+00
   0.6000E+01  0.9359E+02  0.4831E+03  0.7272E+03  0.1186E+02  0.1785E+02  0.2189E+03  0.5414E+00
   0.6250E+01  0.9060E+02  0.4576E+03  0.6380E+03  0.1167E+02  0.1627E+02  0.2251E+03  0.5640E+00
   0.6500E+01  0.8783E+02  0.4306E+03  0.5674E+03  0.1139E+02  0.1501E+02  0.2288E+03  0.5866E+00
   0.6750E+01  0.8513E+02  0.4072E+03  0.5380E+03  0.1117E+02  0.1476E+02  0.2299E+03  0.6091E+00
   0.7000E+01  0.8204E+02  0.3893E+03  0.5316E+03  0.1114E+02  0.1521E+02  0.2302E+03  0.6317E+00
   0.7250E+01  0.7950E+02  0.3756E+03  0.5303E+03  0.1114E+02  0.1573E+02  0.2310E+03  0.6542E+00
   0.7500E+01  0.7730E+02  0.3627E+03  0.5036E+03  0.1112E+02  0.1544E+02  0.2332E+03  0.6768E+00
   0.7750E+01  0.7515E+02  0.3471E+03  0.4466E+03  0.1100E+02  0.1415E+02  0.2358E+03  0.6994E+00
   0.8000E+01  0.7351E+02  0.3301E+03  0.4024E+03  0.1074E+02  0.1309E+02  0.2364E+03  0.7219E+00
   0.8250E+01  0.7210E+02  0.3158E+03  0.3959E+03  0.1052E+02  0.1318E+02  0.2348E+03  0.7445E+00
   0.8500E+01  0.7071E+02  0.3063E+03  0.4130E+03  0.1044E+02  0.1408E+02  0.2326E+03  0.7670E+00
   0.8750E+01  0.6960E+02  0.2999E+03  0.4204E+03  0.1043E+02  0.1462E+02  0.2315E+03  0.7896E+00
   0.9000E+01  0.6862E+02  0.2941E+03  0.4185E+03  0.1042E+02  0.1482E+02  0.2312E+03  0.8121E+00
   0.9250E+01  0.6764E+02  0.2885E+03  0.4144E+03  0.1041E+02  0.1495E+02  0.2311E+03  0.8347E+00
   0.9500E+01  0.6691E+02  0.2834E+03  0.4110E+03  0.1037E+02  0.1504E+02  0.2312E+03  0.8573E+00
   0.9750E+01  0.6607E+02  0.2787E+03  0.4086E+03  0.1036E+02  0.1520E+02  0.2313E+03  0.8798E+00
   0.1000E+02  0.6503E+02  0.2746E+03  0.4088E+03  0.1041E+02  0.1550E+02  0.2316E+03  0.9024E+00
   0.1025E+02  0.6414E+02  0.2712E+03  0.4102E+03  0.1046E+02  0.1582E+02  0.2320E+03  0.9249E+00
   0.1050E+02  0.6311E+02  0.2682E+03  0.4084E+03  0.1055E+02  0.1606E+02  0.2330E+03  0.9475E+00
   0.1075E+02  0.6209E+02  0.2654E+03  0.4103E+03  0.1064E+02  0.1645E+02  0.2340E+03  0.9701E+00
   0.1100E+02  0.6138E+02  0.2631E+03  0.4118E+03  0.1070E+02  0.1675E+02  0.2357E+03  0.9926E+00
   0.1125E+02  0.6071E+02  0.2601E+03  0.3979E+03  0.1073E+02  0.1641E+02  0.2383E+03  0.1015E+01
   0.1150E+02  0.6006E+02  0.2564E+03  0.3886E+03  0.1072E+02  0.1625E+02  0.2406E+03  0.1038E+01
   0.1175E+02  0.5945E+02  0.2527E+03  0.3812E+03  0.1071E+02  0.1615E+02  0.2431E+03  0.1060E+01
   0.1200E+02  0.5869E+02  0.2480E+03  0.3558E+03  0.1067E+02  0.1531E+02  0.2463E+03  0.1083E+01
   0.1225E+02  0.5795E+02  0.2424E+03  0.3373E+03  0.1059E+02  0.1474E+02  0.2487E+03  0.1105E+01
   0.1250E+02  0.5736E+02  0.2369E+03  0.3252E+03  0.1048E+02  0.1439E+02  0.2506E+03  0.1128E+01
   0.1275E+02  0.5662E+02  0.2314E+03  0.3057E+03  0.1040E+02  0.1374E+02  0.2526E+03  0.1151E+01
   0.1300E+02  0.5595E+02  0.2256E+03  0.2931E+03  0.1029E+02  0.1336E+02  0.2540E+03  0.1173E+01
   0.1325E+02  0.5541E+02  0.2204E+03  0.2838E+03  0.1017E+02  0.1309E+02  0.2552E+03  0.1196E+01
   0.1350E+02  0.5464E+02  0.2153E+03  0.2719E+03  0.1010E+02  0.1275E+02  0.2563E+03  0.1218E+01
   0.1375E+02  0.5385E+02  0.2104E+03  0.2648E+03  0.1003E+02  0.1263E+02  0.2572E+03  0.1241E+01
   0.1400E+02  0.5294E+02  0.2059E+03  0.2568E+03  0.1001E+02  0.1248E+02  0.2581E+03  0.1263E+01
   0.1425E+02  0.5177E+02  0.2014E+03  0.2463E+03  0.1003E+02  0.1227E+02  0.2590E+03  0.1286E+01
   0.1450E+02  0.5068E+02  0.1969E+03  0.2395E+03  0.1004E+02  0.1221E+02  0.2598E+03  0.1308E+01
   0.1475E+02  0.4951E+02  0.1926E+03  0.2296E+03  0.1007E+02  0.1201E+02  0.2606E+03  0.1331E+01
   0.1500E+02  0.4827E+02  0.1881E+03  0.2170E+03  0.1011E+02  0.1166E+02  0.2615E+03  0.1354E+01
   0.1525E+02  0.4723E+02  0.1836E+03  0.2079E+03  0.1010E+02  0.1144E+02  0.2619E+03  0.1376E+01
   0.1550E+02  0.4623E+02  0.1792E+03  0.1996E+03  0.1009E+02  0.1124E+02  0.2622E+03  0.1399E+01
   0.1575E+02  0.4518E+02  0.1750E+03  0.1908E+03  0.1010E+02  0.1101E+02  0.2623E+03  0.1421E+01
   0.1600E+02  0.4417E+02  0.1709E+03  0.1834E+03  0.1011E+02  0.1084E+02  0.2622E+03  0.1444E+01
   0.1625E+02  0.4316E+02  0.1671E+03  0.1788E+03  0.1013E+02  0.1084E+02  0.2619E+03  0.1466E+01
   0.1650E+02  0.4224E+02  0.1636E+03  0.1740E+03  0.1015E+02  0.1079E+02  0.2615E+03  0.1489E+01
   0.1675E+02  0.4148E+02  0.1602E+03  0.1687E+03  0.1014E+02  0.1068E+02  0.2610E+03  0.1511E+01
   0.1700E+02  0.4054E+02  0.1571E+03  0.1671E+03  0.1019E+02  0.1084E+02  0.2603E+03  0.1534E+01
   0.1725E+02  0.3956E+02  0.1542E+03  0.1643E+03  0.1027E+02  0.1094E+02  0.2596E+03  0.1557E+01
   0.1750E+02  0.3874E+02  0.1516E+03  0.1609E+03  0.1032E+02  0.1095E+02  0.2588E+03  0.1579E+01
   0.1775E+02  0.3786E+02  0.1491E+03  0.1617E+03  0.1040E+02  0.1128E+02  0.2579E+03  0.1602E+01
   0.1800E+02  0.3705E+02  0.1470E+03  0.1605E+03  0.1049E+02  0.1145E+02  0.2570E+03  0.1624E+01
   0.1825E+02  0.3623E+02  0.1450E+03  0.1594E+03  0.1060E+02  0.1165E+02  0.2561E+03  0.1647E+01
   0.1850E+02  0.3529E+02  0.1433E+03  0.1635E+03  0.1077E+02  0.1229E+02  0.2549E+03  0.1669E+01
   0.1875E+02  0.3450E+02  0.1420E+03  0.1650E+03  0.1093E+02  0.1270E+02  0.2540E+03  0.1692E+01
   0.1900E+02  0.3378E+02  0.1408E+03  0.1665E+03  0.1108E+02  0.1310E+02  0.2532E+03  0.1715E+01
   0.1925E+02  0.3297E+02  0.1399E+03  0.1715E+03  0.1129E+02  0.1385E+02  0.2524E+03  0.1737E+01
   0.1950E+02  0.3218E+02  0.1392E+03  0.1745E+03  0.1153E+02  0.1446E+02  0.2518E+03  0.1760E+01
   0.1975E+02  0.3141E+02  0.1386E+03  0.1766E+03  0.1177E+02  0.1501E+02  0.2515E+03  0.1782E+01
   0.2000E+02  0.3064E+02  0.1381E+03  0.1801E+03  0.1204E+02  0.1570E+02  0.2513E+03  0.1805E+01
   0.2025E+02  0.3002E+02  0.1377E+03  0.1829E+03  0.1227E+02  0.1630E+02  0.2514E+03  0.1827E+01
   0.2050E+02  0.2947E+02  0.1372E+03  0.1815E+03  0.1247E+02  0.1649E+02  0.2520E+03  0.1850E+01
   0.2075E+02  0.2884E+02  0.1365E+03  0.1779E+03  0.1268E+02  0.1653E+02  0.2527E+03  0.1872E+01
   0.2100E+02  0.2815E+02  0.1356E+03  0.1765E+03  0.1293E+02  0.1683E+02  0.2532E+03  0.1895E+01
   0.2125E+02  0.2718E+02  0.1347E+03  0.1737E+03  0.1331E+02  0.1717E+02  0.2538E+03  0.1918E+01
   0.2150E+02  0.2609E+02  0.1338E+03  0.1704E+03  0.1379E+02  0.1757E+02  0.2543E+03  0.1940E+01
   0.2175E+02  0.2505E+02  0.1328E+03  0.1701E+03  0.1428E+02  0.1829E+02  0.2547E+03  0.1963E+01
   0.2200E+02  0.2392E+02  0.1321E+03  0.1715E+03  0.1488E+02  0.1932E+02  0.2550E+03  0.1985E+01
   0.2225E+02  0.2295E+02  0.1317E+03  0.1750E+03  0.1548E+02  0.2058E+02  0.2553E+03  0.2008E+01
   0.2250E+02  0.2209E+02  0.1314E+03  0.1786E+03  0.1607E+02  0.2184E+02  0.2560E+03  0.2030E+01
   0.2275E+02  0.2126E+02  0.1311E+03  0.1770E+03  0.1666E+02  0.2250E+02  0.2572E+03  0.2053E+01
   0.2300E+02  0.2058E+02  0.1307E+03  0.1774E+03  0.1717E+02  0.2331E+02  0.2585E+03  0.2075E+01
   0.2325E+02  0.1991E+02  0.1303E+03  0.1786E+03  0.1772E+02  0.2429E+02  0.2600E+03  0.2098E+01
   0.2350E+02  0.1930E+02  0.1297E+03  0.1711E+03  0.1821E+02  0.2403E+02  0.2621E+03  0.2121E+01
   0.2375E+02  0.1885E+02  0.1287E+03  0.1674E+03  0.1852E+02  0.2409E+02  0.2639E+03  0.2143E+01
   0.2400E+02  0.1836E+02  0.1278E+03  0.1662E+03  0.1890E+02  0.2456E+02  0.2657E+03  0.2166E+01
   0.2425E+02  0.1779E+02  0.1268E+03  0.1581E+03  0.1936E+02  0.2414E+02  0.2681E+03  0.2188E+01
   0.2450E+02  0.1725E+02  0.1256E+03  0.1562E+03  0.1979E+02  0.2461E+02  0.2701E+03  0.2211E+01
   0.2475E+02  0.1672E+02  0.1244E+03  0.1519E+03  0.2025E+02  0.2472E+02  0.2726E+03  0.2233E+01
   0.2500E+02  0.1620E+02  0.1227E+03  0.1366E+03  0.2063E+02  0.2295E+02  0.2758E+03  0.2256E+01
   0.2525E+02  0.1580E+02  0.1207E+03  0.1294E+03  0.2082E+02  0.2233E+02  0.2784E+03  0.2279E+01
   0.2550E+02  0.1538E+02  0.1183E+03  0.1158E+03  0.2098E+02  0.2053E+02  0.2817E+03  0.2301E+01
   0.2575E+02  0.1499E+02  0.1150E+03  0.8834E+02  0.2095E+02  0.1609E+02  0.2854E+03  0.2324E+01
   0.2600E+02  0.1463E+02  0.1108E+03  0.6563E+02  0.2069E+02  0.1226E+02  0.2885E+03  0.2346E+01
   0.2625E+02  0.1419E+02  0.1050E+03  0.1731E+02  0.2022E+02  0.3334E+01  0.2922E+03  0.2369E+01
   0.2650E+02  0.1377E+02  0.9310E+02  0.1000E-01  0.1850E+02  0.1987E-02  0.2958E+03  0.2391E+01
