 5604 0 0 0 0 0 0 0
   0.2500E+00  0.2149E+03  0.5575E+03  0.1124E+04  0.4911E+01  0.9898E+01  0.1742E+02  0.2704E-01
   0.5000E+00  0.1926E+03  0.5433E+03  0.1103E+04  0.5402E+01  0.1097E+02  0.2671E+02  0.5408E-01
   0.7500E+00  0.1658E+03  0.5412E+03  0.1096E+04  0.6324E+01  0.1280E+02  0.3957E+02  0.8113E-01
   0.1000E+01  0.1402E+03  0.5337E+03  0.1062E+04  0.7455E+01  0.1483E+02  0.5449E+02  0.1082E+00
   0.1250E+01  0.1196E+03  0.5166E+03  0.1000E+04  0.8549E+01  0.1655E+02  0.6957E+02  0.1352E+00
   0.1500E+01  0.1044E+03  0.4898E+03  0.9133E+03  0.9383E+01  0.1750E+02  0.8387E+02  0.1623E+00
   0.1750E+01  0.9328E+02  0.4543E+03  0.8030E+03  0.9839E+01  0.1739E+02  0.9665E+02  0.1893E+00
   0.2000E+01  0.8472E+02  0.4131E+03  0.6870E+03  0.9946E+01  0.1654E+02  0.1069E+03  0.2163E+00
   0.2250E+01  0.7779E+02  0.3722E+03  0.5918E+03  0.9848E+01  0.1566E+02  0.1138E+03  0.2434E+00
   0.2500E+01  0.7209E+02  0.3367E+03  0.5256E+03  0.9701E+01  0.1515E+02  0.1182E+03  0.2704E+00
   0.2750E+01  0.6729E+02  0.3079E+03  0.4780E+03  0.9585E+01  0.1488E+02  0.1212E+03  0.2975E+00
   0.3000E+01  0.6312E+02  0.2843E+03  0.4404E+03  0.9516E+01  0.1474E+02  0.1235E+03  0.3245E+00
   0.3250E+01  0.5945E+02  0.2649E+03  0.4108E+03  0.9488E+01  0.1472E+02  0.1253E+03  0.3515E+00
   0.3500E+01  0.5623E+02  0.2486E+03  0.3864E+03  0.9488E+01  0.1475E+02  0.1269E+03  0.3786E+00
   0.3750E+01  0.5338E+02  0.2347E+03  0.3648E+03  0.9504E+01  0.1477E+02  0.1283E+03  0.4056E+00
   0.4000E+01  0.5090E+02  0.2226E+03  0.3464E+03  0.9523E+01  0.1482E+02  0.1296E+03  0.4327E+00
   0.4250E+01  0.4884E+02  0.2123E+03  0.3324E+03  0.9529E+01  0.1492E+02  0.1307E+03  0.4597E+00
   0.4500E+01  0.4708E+02  0.2036E+03  0.3225E+03  0.9545E+01  0.1512E+02  0.1319E+03  0.4868E+00
   0.4750E+01  0.4544E+02  0.1963E+03  0.3142E+03  0.9596E+01  0.1536E+02  0.1334E+03  0.5138E+00
   0.5000E+01  0.4401E+02  0.1897E+03  0.3041E+03  0.9634E+01  0.1545E+02  0.1354E+03  0.5408E+00
   0.5250E+01  0.4300E+02  0.1829E+03  0.2886E+03  0.9566E+01  0.1509E+02  0.1381E+03  0.5679E+00
   0.5500E+01  0.4245E+02  0.1753E+03  0.2657E+03  0.9335E+01  0.1415E+02  0.1411E+03  0.5949E+00
   0.5750E+01  0.4222E+02  0.1662E+03  0.2362E+03  0.8949E+01  0.1272E+02  0.1440E+03  0.6220E+00
   0.6000E+01  0.4213E+02  0.1560E+03  0.2038E+03  0.8458E+01  0.1105E+02  0.1462E+03  0.6490E+00
   0.6250E+01  0.4198E+02  0.1452E+03  0.1743E+03  0.7942E+01  0.9533E+01  0.1474E+03  0.6760E+00
   0.6500E+01  0.4159E+02  0.1349E+03  0.1525E+03  0.7485E+01  0.8464E+01  0.1471E+03  0.7031E+00
   0.6750E+01  0.4095E+02  0.1261E+03  0.1413E+03  0.7140E+01  0.8000E+01  0.1455E+03  0.7301E+00
   0.7000E+01  0.4013E+02  0.1194E+03  0.1402E+03  0.6929E+01  0.8134E+01  0.1430E+03  0.7572E+00
   0.7250E+01  0.3908E+02  0.1149E+03  0.1464E+03  0.6877E+01  0.8761E+01  0.1401E+03  0.7842E+00
   0.7500E+01  0.3770E+02  0.1123E+03  0.1562E+03  0.6996E+01  0.9731E+01  0.1373E+03  0.8113E+00
   0.7750E+01  0.3609E+02  0.1111E+03  0.1662E+03  0.7256E+01  0.1086E+02  0.1351E+03  0.8383E+00
   0.8000E+01  0.3445E+02  0.1106E+03  0.1740E+03  0.7594E+01  0.1195E+02  0.1337E+03  0.8653E+00
   0.8250E+01  0.3296E+02  0.1103E+03  0.1785E+03  0.7944E+01  0.1286E+02  0.1330E+03  0.8924E+00
   0.8500E+01  0.3174E+02  0.1099E+03  0.1797E+03  0.8252E+01  0.1349E+02  0.1329E+03  0.9194E+00
   0.8750E+01  0.3082E+02  0.1092E+03  0.1781E+03  0.8472E+01  0.1381E+02  0.1332E+03  0.9465E+00
   0.9000E+01  0.3012E+02  0.1082E+03  0.1746E+03  0.8616E+01  0.1391E+02  0.1337E+03  0.9735E+00
   0.9250E+01  0.2946E+02  0.1069E+03  0.1707E+03  0.8735E+01  0.1394E+02  0.1341E+03  0.1001E+01
   0.9500E+01  0.2875E+02  0.1057E+03  0.1679E+03  0.8871E+01  0.1410E+02  0.1342E+03  0.1028E+01
   0.9750E+01  0.2806E+02  0.1046E+03  0.1678E+03  0.9026E+01  0.1448E+02  0.1341E+03  0.1055E+01
   0.1000E+02  0.2750E+02  0.1040E+03  0.1710E+03  0.9181E+01  0.1510E+02  0.1337E+03  0.1082E+01
   0.1025E+02  0.2712E+02  0.1040E+03  0.1773E+03  0.9334E+01  0.1591E+02  0.1333E+03  0.1109E+01
   0.1050E+02  0.2684E+02  0.1046E+03  0.1850E+03  0.9507E+01  0.1682E+02  0.1334E+03  0.1136E+01
   0.1075E+02  0.2655E+02  0.1055E+03  0.1924E+03  0.9723E+01  0.1773E+02  0.1341E+03  0.1163E+01
   0.1100E+02  0.2620E+02  0.1066E+03  0.1978E+03  0.9977E+01  0.1852E+02  0.1356E+03  0.1190E+01
   0.1125E+02  0.2585E+02  0.1075E+03  0.2002E+03  0.1022E+02  0.1903E+02  0.1380E+03  0.1217E+01
   0.1150E+02  0.2558E+02  0.1080E+03  0.1989E+03  0.1040E+02  0.1916E+02  0.1410E+03  0.1244E+01
   0.1175E+02  0.2533E+02  0.1080E+03  0.1938E+03  0.1052E+02  0.1889E+02  0.1446E+03  0.1271E+01
   0.1200E+02  0.2500E+02  0.1072E+03  0.1853E+03  0.1061E+02  0.1834E+02  0.1483E+03  0.1298E+01
   0.1225E+02  0.2452E+02  0.1058E+03  0.1748E+03  0.1070E+02  0.1767E+02  0.1518E+03  0.1325E+01
   0.1250E+02  0.2391E+02  0.1040E+03  0.1644E+03  0.1080E+02  0.1707E+02  0.1550E+03  0.1352E+01
   0.1275E+02  0.2330E+02  0.1020E+03  0.1564E+03  0.1089E+02  0.1671E+02  0.1575E+03  0.1379E+01
   0.1300E+02  0.2276E+02  0.1002E+03  0.1524E+03  0.1097E+02  0.1669E+02  0.1596E+03  0.1406E+01
   0.1325E+02  0.2227E+02  0.9868E+02  0.1518E+03  0.1107E+02  0.1702E+02  0.1615E+03  0.1433E+01
   0.1350E+02  0.2172E+02  0.9758E+02  0.1526E+03  0.1124E+02  0.1758E+02  0.1637E+03  0.1460E+01
   0.1375E+02  0.2104E+02  0.9664E+02  0.1522E+03  0.1151E+02  0.1812E+02  0.1664E+03  0.1487E+01
   0.1400E+02  0.2021E+02  0.9552E+02  0.1478E+03  0.1186E+02  0.1836E+02  0.1697E+03  0.1514E+01
   0.1425E+02  0.1935E+02  0.9388E+02  0.1382E+03  0.1220E+02  0.1796E+02  0.1736E+03  0.1541E+01
   0.1450E+02  0.1859E+02  0.9148E+02  0.1237E+03  0.1239E+02  0.1675E+02  0.1776E+03  0.1568E+01
   0.1475E+02  0.1798E+02  0.8831E+02  0.1062E+03  0.1238E+02  0.1488E+02  0.1814E+03  0.1595E+01
   0.1500E+02  0.1746E+02  0.8454E+02  0.8848E+02  0.1223E+02  0.1280E+02  0.1847E+03  0.1623E+01
   0.1525E+02  0.1696E+02  0.8044E+02  0.7245E+02  0.1199E+02  0.1080E+02  0.1873E+03  0.1650E+01
   0.1550E+02  0.1643E+02  0.7616E+02  0.5704E+02  0.1173E+02  0.8787E+01  0.1893E+03  0.1677E+01
   0.1575E+02  0.1587E+02  0.7167E+02  0.4057E+02  0.1145E+02  0.6481E+01  0.1908E+03  0.1704E+01
   0.1600E+02  0.1527E+02  0.6704E+02  0.2514E+02  0.1114E+02  0.4180E+01  0.1915E+03  0.1731E+01
   0.1625E+02  0.1468E+02  0.6262E+02  0.1560E+02  0.1084E+02  0.2700E+01  0.1911E+03  0.1758E+01
   0.1650E+02  0.1413E+02  0.5887E+02  0.1324E+02  0.1060E+02  0.2385E+01  0.1899E+03  0.1785E+01
   0.1675E+02  0.1365E+02  0.5588E+02  0.1454E+02  0.1043E+02  0.2713E+01  0.1885E+03  0.1812E+01
   0.1700E+02  0.1326E+02  0.5343E+02  0.1546E+02  0.1028E+02  0.2975E+01  0.1873E+03  0.1839E+01
   0.1725E+02  0.1291E+02  0.5122E+02  0.1439E+02  0.1013E+02  0.2845E+01  0.1863E+03  0.1866E+01
   0.1750E+02  0.1258E+02  0.4905E+02  0.1154E+02  0.9967E+01  0.2345E+01  0.1855E+03  0.1893E+01
   0.1775E+02  0.1224E+02  0.4686E+02  0.7689E+01  0.9797E+01  0.1607E+01  0.1847E+03  0.1920E+01
   0.1800E+02  0.1189E+02  0.4466E+02  0.3455E+01  0.9623E+01  0.7446E+00  0.1837E+03  0.1947E+01
   0.1825E+02  0.1155E+02  0.4247E+02  0.1000E-01  0.9431E+01  0.2220E-02  0.1825E+03  0.1974E+01
   0.1850E+02  0.1126E+02  0.4036E+02  0.1000E-01  0.9202E+01  0.2280E-02  0.1810E+03  0.2001E+01
   0.1875E+02  0.1099E+02  0.3839E+02  0.1000E-01  0.8974E+01  0.2337E-02  0.1791E+03  0.2028E+01
   0.1900E+02  0.1069E+02  0.3666E+02  0.1000E-01  0.8816E+01  0.2405E-02  0.1769E+03  0.2055E+01
   0.1925E+02  0.1032E+02  0.3520E+02  0.1000E-01  0.8779E+01  0.2494E-02  0.1745E+03  0.2082E+01
   0.1950E+02  0.9897E+01  0.3401E+02  0.1000E-01  0.8852E+01  0.2603E-02  0.1719E+03  0.2109E+01
   0.1975E+02  0.9487E+01  0.3304E+02  0.1000E-01  0.8980E+01  0.2718E-02  0.1693E+03  0.2136E+01
   0.2000E+02  0.9133E+01  0.3226E+02  0.1446E+01  0.9117E+01  0.4086E+00  0.1667E+03  0.2163E+01
   0.2025E+02  0.8852E+01  0.3159E+02  0.2807E+01  0.9218E+01  0.8190E+00  0.1640E+03  0.2190E+01
   0.2050E+02  0.8631E+01  0.3092E+02  0.2197E+01  0.9259E+01  0.6581E+00  0.1612E+03  0.2217E+01
   0.2075E+02  0.8426E+01  0.3029E+02  0.2302E+01  0.9299E+01  0.7067E+00  0.1576E+03  0.2244E+01
   0.2100E+02  0.8175E+01  0.3021E+02  0.1165E+02  0.9566E+01  0.3690E+01  0.1524E+03  0.2272E+01
   0.2125E+02  0.7840E+01  0.3161E+02  0.3908E+02  0.1044E+02  0.1291E+02  0.1457E+03  0.2299E+01
   0.2150E+02  0.7437E+01  0.3647E+02  0.1231E+03  0.1272E+02  0.4290E+02  0.1390E+03  0.2326E+01
