 7810 0 0 0 0 0 0 0
   0.2500E+00  0.1218E+03  0.3672E+03  0.7166E+03  0.5800E+01  0.1132E+02  0.1496E+02  0.4663E-01
   0.5000E+00  0.1145E+03  0.3495E+03  0.6751E+03  0.5996E+01  0.1158E+02  0.2240E+02  0.9326E-01
   0.7500E+00  0.1057E+03  0.3390E+03  0.6444E+03  0.6425E+01  0.1221E+02  0.3054E+02  0.1399E+00
   0.1000E+01  0.9662E+02  0.3294E+03  0.6195E+03  0.6957E+01  0.1309E+02  0.3803E+02  0.1865E+00
   0.1250E+01  0.8836E+02  0.3220E+03  0.6075E+03  0.7569E+01  0.1428E+02  0.4479E+02  0.2332E+00
   0.1500E+01  0.8147E+02  0.3167E+03  0.5994E+03  0.8209E+01  0.1554E+02  0.5218E+02  0.2798E+00
   0.1750E+01  0.7587E+02  0.3100E+03  0.5760E+03  0.8762E+01  0.1628E+02  0.6097E+02  0.3264E+00
   0.2000E+01  0.7109E+02  0.2984E+03  0.5321E+03  0.9137E+01  0.1629E+02  0.7000E+02  0.3731E+00
   0.2250E+01  0.6677E+02  0.2825E+03  0.4802E+03  0.9336E+01  0.1587E+02  0.7752E+02  0.4197E+00
   0.2500E+01  0.6284E+02  0.2653E+03  0.4360E+03  0.9437E+01  0.1551E+02  0.8265E+02  0.4663E+00
   0.2750E+01  0.5937E+02  0.2506E+03  0.4102E+03  0.9548E+01  0.1563E+02  0.8543E+02  0.5130E+00
   0.3000E+01  0.5639E+02  0.2408E+03  0.4068E+03  0.9768E+01  0.1650E+02  0.8674E+02  0.5596E+00
   0.3250E+01  0.5389E+02  0.2362E+03  0.4188E+03  0.1014E+02  0.1797E+02  0.8826E+02  0.6062E+00
   0.3500E+01  0.5173E+02  0.2346E+03  0.4274E+03  0.1059E+02  0.1929E+02  0.9187E+02  0.6528E+00
   0.3750E+01  0.4978E+02  0.2318E+03  0.4136E+03  0.1098E+02  0.1959E+02  0.9814E+02  0.6995E+00
   0.4000E+01  0.4799E+02  0.2243E+03  0.3725E+03  0.1111E+02  0.1845E+02  0.1056E+03  0.7461E+00
   0.4250E+01  0.4637E+02  0.2118E+03  0.3174E+03  0.1095E+02  0.1640E+02  0.1120E+03  0.7927E+00
   0.4500E+01  0.4489E+02  0.1968E+03  0.2704E+03  0.1059E+02  0.1455E+02  0.1157E+03  0.8394E+00
   0.4750E+01  0.4346E+02  0.1832E+03  0.2452E+03  0.1025E+02  0.1372E+02  0.1165E+03  0.8860E+00
   0.5000E+01  0.4203E+02  0.1730E+03  0.2388E+03  0.1008E+02  0.1391E+02  0.1156E+03  0.9326E+00
   0.5250E+01  0.4055E+02  0.1661E+03  0.2390E+03  0.1009E+02  0.1452E+02  0.1144E+03  0.9793E+00
   0.5500E+01  0.3896E+02  0.1610E+03  0.2368E+03  0.1024E+02  0.1506E+02  0.1135E+03  0.1026E+01
   0.5750E+01  0.3729E+02  0.1566E+03  0.2323E+03  0.1046E+02  0.1552E+02  0.1126E+03  0.1073E+01
   0.6000E+01  0.3563E+02  0.1530E+03  0.2308E+03  0.1075E+02  0.1622E+02  0.1113E+03  0.1119E+01
   0.6250E+01  0.3405E+02  0.1508E+03  0.2366E+03  0.1114E+02  0.1749E+02  0.1093E+03  0.1166E+01
   0.6500E+01  0.3252E+02  0.1504E+03  0.2500E+03  0.1168E+02  0.1943E+02  0.1071E+03  0.1212E+01
   0.6750E+01  0.3099E+02  0.1518E+03  0.2690E+03  0.1243E+02  0.2203E+02  0.1054E+03  0.1259E+01
   0.7000E+01  0.2946E+02  0.1549E+03  0.2905E+03  0.1340E+02  0.2514E+02  0.1048E+03  0.1306E+01
   0.7250E+01  0.2792E+02  0.1588E+03  0.3095E+03  0.1456E+02  0.2836E+02  0.1061E+03  0.1352E+01
   0.7500E+01  0.2642E+02  0.1626E+03  0.3196E+03  0.1580E+02  0.3106E+02  0.1097E+03  0.1399E+01
   0.7750E+01  0.2500E+02  0.1650E+03  0.3180E+03  0.1701E+02  0.3276E+02  0.1151E+03  0.1446E+01
   0.8000E+01  0.2369E+02  0.1658E+03  0.3088E+03  0.1810E+02  0.3370E+02  0.1210E+03  0.1492E+01
   0.8250E+01  0.2244E+02  0.1653E+03  0.2983E+03  0.1910E+02  0.3447E+02  0.1269E+03  0.1539E+01
   0.8500E+01  0.2124E+02  0.1639E+03  0.2879E+03  0.2007E+02  0.3524E+02  0.1324E+03  0.1585E+01
   0.8750E+01  0.2010E+02  0.1619E+03  0.2764E+03  0.2101E+02  0.3586E+02  0.1379E+03  0.1632E+01
   0.9000E+01  0.1905E+02  0.1594E+03  0.2635E+03  0.2187E+02  0.3616E+02  0.1432E+03  0.1679E+01
   0.9250E+01  0.1812E+02  0.1562E+03  0.2495E+03  0.2259E+02  0.3609E+02  0.1484E+03  0.1725E+01
   0.9500E+01  0.1731E+02  0.1525E+03  0.2348E+03  0.2315E+02  0.3565E+02  0.1533E+03  0.1772E+01
   0.9750E+01  0.1658E+02  0.1484E+03  0.2191E+03  0.2356E+02  0.3479E+02  0.1581E+03  0.1819E+01
   0.1000E+02  0.1591E+02  0.1437E+03  0.2014E+03  0.2384E+02  0.3341E+02  0.1627E+03  0.1865E+01
   0.1025E+02  0.1528E+02  0.1384E+03  0.1813E+03  0.2397E+02  0.3140E+02  0.1671E+03  0.1912E+01
   0.1050E+02  0.1464E+02  0.1324E+03  0.1586E+03  0.2398E+02  0.2871E+02  0.1712E+03  0.1959E+01
   0.1075E+02  0.1396E+02  0.1256E+03  0.1321E+03  0.2390E+02  0.2513E+02  0.1749E+03  0.2005E+01
   0.1100E+02  0.1322E+02  0.1176E+03  0.9884E+02  0.2367E+02  0.1989E+02  0.1781E+03  0.2052E+01
   0.1125E+02  0.1245E+02  0.1064E+03  0.1891E+02  0.2277E+02  0.4049E+01  0.1807E+03  0.2098E+01
