 2220 0 0 0 0 0 0 0
   0.2500E+00  0.3345E+03  0.1086E+04  0.2175E+04  0.6136E+01  0.1228E+02  0.4452E+02  0.5109E-01
   0.5000E+00  0.2978E+03  0.8887E+03  0.1716E+04  0.5747E+01  0.1110E+02  0.6161E+02  0.1022E+00
   0.7500E+00  0.2556E+03  0.7741E+03  0.1444E+04  0.5941E+01  0.1109E+02  0.7664E+02  0.1533E+00
   0.1000E+01  0.2164E+03  0.6818E+03  0.1228E+04  0.6285E+01  0.1132E+02  0.8955E+02  0.2044E+00
   0.1250E+01  0.1852E+03  0.5986E+03  0.1023E+04  0.6551E+01  0.1119E+02  0.1003E+03  0.2555E+00
   0.1500E+01  0.1622E+03  0.5237E+03  0.8527E+03  0.6640E+01  0.1081E+02  0.1074E+03  0.3065E+00
   0.1750E+01  0.1455E+03  0.4669E+03  0.7673E+03  0.6688E+01  0.1099E+02  0.1100E+03  0.3576E+00
   0.2000E+01  0.1330E+03  0.4347E+03  0.7616E+03  0.6898E+01  0.1209E+02  0.1105E+03  0.4087E+00
   0.2250E+01  0.1230E+03  0.4206E+03  0.7771E+03  0.7306E+01  0.1350E+02  0.1127E+03  0.4598E+00
   0.2500E+01  0.1143E+03  0.4122E+03  0.7705E+03  0.7788E+01  0.1456E+02  0.1184E+03  0.5109E+00
   0.2750E+01  0.1066E+03  0.4011E+03  0.7365E+03  0.8208E+01  0.1507E+02  0.1268E+03  0.5620E+00
   0.3000E+01  0.9973E+02  0.3835E+03  0.6726E+03  0.8464E+01  0.1484E+02  0.1367E+03  0.6131E+00
   0.3250E+01  0.9358E+02  0.3564E+03  0.5652E+03  0.8454E+01  0.1341E+02  0.1472E+03  0.6642E+00
   0.3500E+01  0.8787E+02  0.3184E+03  0.4219E+03  0.8108E+01  0.1074E+02  0.1560E+03  0.7153E+00
   0.3750E+01  0.8251E+02  0.2744E+03  0.2881E+03  0.7493E+01  0.7869E+01  0.1605E+03  0.7664E+00
   0.4000E+01  0.7761E+02  0.2340E+03  0.2119E+03  0.6841E+01  0.6194E+01  0.1594E+03  0.8174E+00
   0.4250E+01  0.7333E+02  0.2058E+03  0.2051E+03  0.6407E+01  0.6386E+01  0.1538E+03  0.8685E+00
   0.4500E+01  0.6971E+02  0.1921E+03  0.2459E+03  0.6326E+01  0.8097E+01  0.1463E+03  0.9196E+00
   0.4750E+01  0.6663E+02  0.1899E+03  0.3040E+03  0.6580E+01  0.1053E+02  0.1397E+03  0.9707E+00
   0.5000E+01  0.6385E+02  0.1945E+03  0.3585E+03  0.7067E+01  0.1302E+02  0.1360E+03  0.1022E+01
   0.5250E+01  0.6123E+02  0.2014E+03  0.3963E+03  0.7663E+01  0.1508E+02  0.1360E+03  0.1073E+01
   0.5500E+01  0.5879E+02  0.2067E+03  0.4079E+03  0.8229E+01  0.1624E+02  0.1398E+03  0.1124E+01
   0.5750E+01  0.5656E+02  0.2079E+03  0.3899E+03  0.8633E+01  0.1620E+02  0.1462E+03  0.1175E+01
   0.6000E+01  0.5462E+02  0.2037E+03  0.3500E+03  0.8795E+01  0.1511E+02  0.1533E+03  0.1226E+01
   0.6250E+01  0.5297E+02  0.1952E+03  0.3029E+03  0.8720E+01  0.1353E+02  0.1597E+03  0.1277E+01
   0.6500E+01  0.5158E+02  0.1844E+03  0.2605E+03  0.8487E+01  0.1199E+02  0.1645E+03  0.1328E+01
   0.6750E+01  0.5026E+02  0.1732E+03  0.2284E+03  0.8206E+01  0.1082E+02  0.1678E+03  0.1379E+01
   0.7000E+01  0.4872E+02  0.1628E+03  0.2055E+03  0.7976E+01  0.1007E+02  0.1700E+03  0.1431E+01
   0.7250E+01  0.4679E+02  0.1533E+03  0.1866E+03  0.7841E+01  0.9545E+01  0.1717E+03  0.1482E+01
   0.7500E+01  0.4450E+02  0.1443E+03  0.1674E+03  0.7782E+01  0.9028E+01  0.1732E+03  0.1533E+01
   0.7750E+01  0.4203E+02  0.1356E+03  0.1480E+03  0.7760E+01  0.8469E+01  0.1744E+03  0.1584E+01
   0.8000E+01  0.3948E+02  0.1272E+03  0.1307E+03  0.7767E+01  0.7978E+01  0.1751E+03  0.1635E+01
   0.8250E+01  0.3690E+02  0.1193E+03  0.1167E+03  0.7813E+01  0.7639E+01  0.1753E+03  0.1686E+01
   0.8500E+01  0.3438E+02  0.1120E+03  0.1041E+03  0.7887E+01  0.7331E+01  0.1753E+03  0.1737E+01
   0.8750E+01  0.3205E+02  0.1050E+03  0.8898E+02  0.7943E+01  0.6732E+01  0.1751E+03  0.1788E+01
   0.9000E+01  0.2993E+02  0.9785E+02  0.7140E+02  0.7940E+01  0.5794E+01  0.1745E+03  0.1839E+01
   0.9250E+01  0.2806E+02  0.9102E+02  0.5916E+02  0.7894E+01  0.5130E+01  0.1730E+03  0.1890E+01
   0.9500E+01  0.2642E+02  0.8540E+02  0.5787E+02  0.7879E+01  0.5338E+01  0.1704E+03  0.1941E+01
   0.9750E+01  0.2498E+02  0.8148E+02  0.6446E+02  0.7961E+01  0.6298E+01  0.1673E+03  0.1993E+01
   0.1000E+02  0.2368E+02  0.7902E+02  0.7330E+02  0.8157E+01  0.7567E+01  0.1644E+03  0.2044E+01
   0.1025E+02  0.2245E+02  0.7749E+02  0.8100E+02  0.8448E+01  0.8832E+01  0.1620E+03  0.2095E+01
   0.1050E+02  0.2128E+02  0.7643E+02  0.8656E+02  0.8804E+01  0.9972E+01  0.1602E+03  0.2146E+01
   0.1075E+02  0.2015E+02  0.7558E+02  0.9029E+02  0.9204E+01  0.1100E+02  0.1588E+03  0.2197E+01
   0.1100E+02  0.1908E+02  0.7480E+02  0.9245E+02  0.9631E+01  0.1190E+02  0.1579E+03  0.2248E+01
   0.1125E+02  0.1810E+02  0.7400E+02  0.9294E+02  0.1006E+02  0.1263E+02  0.1572E+03  0.2299E+01
   0.1150E+02  0.1722E+02  0.7310E+02  0.9199E+02  0.1045E+02  0.1315E+02  0.1568E+03  0.2350E+01
   0.1175E+02  0.1643E+02  0.7208E+02  0.9024E+02  0.1082E+02  0.1354E+02  0.1565E+03  0.2401E+01
   0.1200E+02  0.1571E+02  0.7100E+02  0.8828E+02  0.1115E+02  0.1387E+02  0.1563E+03  0.2452E+01
   0.1225E+02  0.1508E+02  0.6989E+02  0.8640E+02  0.1145E+02  0.1415E+02  0.1561E+03  0.2503E+01
   0.1250E+02  0.1453E+02  0.6880E+02  0.8471E+02  0.1170E+02  0.1441E+02  0.1559E+03  0.2555E+01
   0.1275E+02  0.1401E+02  0.6774E+02  0.8324E+02  0.1196E+02  0.1469E+02  0.1557E+03  0.2606E+01
   0.1300E+02  0.1347E+02  0.6674E+02  0.8208E+02  0.1227E+02  0.1509E+02  0.1555E+03  0.2657E+01
   0.1325E+02  0.1287E+02  0.6582E+02  0.8136E+02  0.1267E+02  0.1567E+02  0.1553E+03  0.2708E+01
   0.1350E+02  0.1221E+02  0.6500E+02  0.8117E+02  0.1320E+02  0.1649E+02  0.1551E+03  0.2759E+01
   0.1375E+02  0.1151E+02  0.6426E+02  0.8112E+02  0.1385E+02  0.1748E+02  0.1551E+03  0.2810E+01
   0.1400E+02  0.1084E+02  0.6353E+02  0.8003E+02  0.1455E+02  0.1833E+02  0.1554E+03  0.2861E+01
   0.1425E+02  0.1025E+02  0.6265E+02  0.7675E+02  0.1519E+02  0.1861E+02  0.1559E+03  0.2912E+01
   0.1450E+02  0.9727E+01  0.6155E+02  0.7185E+02  0.1573E+02  0.1837E+02  0.1564E+03  0.2963E+01
   0.1475E+02  0.9218E+01  0.6027E+02  0.6718E+02  0.1627E+02  0.1813E+02  0.1567E+03  0.3014E+01
   0.1500E+02  0.8648E+01  0.5888E+02  0.6150E+02  0.1695E+02  0.1770E+02  0.1568E+03  0.3065E+01
