 12701 0 0 0 0 0 0 0
   0.2500E+00  0.2655E+03  0.5712E+03  0.1172E+04  0.4414E+01  0.9058E+01  0.2897E+02  0.5786E-01
   0.5000E+00  0.2496E+03  0.4836E+03  0.9312E+03  0.4131E+01  0.7954E+01  0.4357E+02  0.1157E+00
   0.7500E+00  0.2297E+03  0.4165E+03  0.7461E+03  0.4013E+01  0.7189E+01  0.5555E+02  0.1736E+00
   0.1000E+01  0.2083E+03  0.3621E+03  0.6314E+03  0.3988E+01  0.6955E+01  0.6254E+02  0.2314E+00
   0.1250E+01  0.1867E+03  0.3265E+03  0.5800E+03  0.4152E+01  0.7374E+01  0.6645E+02  0.2893E+00
   0.1500E+01  0.1662E+03  0.3046E+03  0.5492E+03  0.4496E+01  0.8107E+01  0.7035E+02  0.3471E+00
   0.1750E+01  0.1480E+03  0.2880E+03  0.5170E+03  0.4922E+01  0.8836E+01  0.7513E+02  0.4050E+00
   0.2000E+01  0.1332E+03  0.2725E+03  0.4820E+03  0.5333E+01  0.9431E+01  0.8030E+02  0.4628E+00
   0.2250E+01  0.1212E+03  0.2571E+03  0.4444E+03  0.5685E+01  0.9828E+01  0.8539E+02  0.5207E+00
   0.2500E+01  0.1111E+03  0.2415E+03  0.4063E+03  0.5980E+01  0.1006E+02  0.8998E+02  0.5786E+00
   0.2750E+01  0.1024E+03  0.2265E+03  0.3726E+03  0.6235E+01  0.1026E+02  0.9369E+02  0.6364E+00
   0.3000E+01  0.9508E+02  0.2129E+03  0.3455E+03  0.6460E+01  0.1049E+02  0.9651E+02  0.6943E+00
   0.3250E+01  0.8904E+02  0.2014E+03  0.3275E+03  0.6671E+01  0.1085E+02  0.9860E+02  0.7521E+00
   0.3500E+01  0.8418E+02  0.1926E+03  0.3199E+03  0.6885E+01  0.1144E+02  0.1004E+03  0.8100E+00
   0.3750E+01  0.8016E+02  0.1853E+03  0.3094E+03  0.7092E+01  0.1184E+02  0.1031E+03  0.8678E+00
   0.4000E+01  0.7643E+02  0.1766E+03  0.2780E+03  0.7217E+01  0.1136E+02  0.1069E+03  0.9257E+00
   0.4250E+01  0.7261E+02  0.1649E+03  0.2343E+03  0.7212E+01  0.1024E+02  0.1100E+03  0.9835E+00
   0.4500E+01  0.6880E+02  0.1528E+03  0.2067E+03  0.7162E+01  0.9689E+01  0.1104E+03  0.1041E+01
   0.4750E+01  0.6517E+02  0.1442E+03  0.2083E+03  0.7239E+01  0.1045E+02  0.1084E+03  0.1099E+01
   0.5000E+01  0.6178E+02  0.1403E+03  0.2241E+03  0.7528E+01  0.1202E+02  0.1062E+03  0.1157E+01
   0.5250E+01  0.5852E+02  0.1387E+03  0.2320E+03  0.7959E+01  0.1331E+02  0.1056E+03  0.1215E+01
   0.5500E+01  0.5531E+02  0.1371E+03  0.2288E+03  0.8420E+01  0.1406E+02  0.1064E+03  0.1273E+01
   0.5750E+01  0.5209E+02  0.1348E+03  0.2233E+03  0.8890E+01  0.1473E+02  0.1073E+03  0.1331E+01
   0.6000E+01  0.4889E+02  0.1325E+03  0.2199E+03  0.9407E+01  0.1561E+02  0.1081E+03  0.1389E+01
   0.6250E+01  0.4580E+02  0.1306E+03  0.2185E+03  0.9992E+01  0.1672E+02  0.1087E+03  0.1446E+01
   0.6500E+01  0.4297E+02  0.1291E+03  0.2192E+03  0.1063E+02  0.1804E+02  0.1094E+03  0.1504E+01
   0.6750E+01  0.4056E+02  0.1282E+03  0.2220E+03  0.1128E+02  0.1953E+02  0.1102E+03  0.1562E+01
   0.7000E+01  0.3850E+02  0.1279E+03  0.2259E+03  0.1195E+02  0.2110E+02  0.1114E+03  0.1620E+01
   0.7250E+01  0.3659E+02  0.1278E+03  0.2288E+03  0.1266E+02  0.2266E+02  0.1133E+03  0.1678E+01
   0.7500E+01  0.3467E+02  0.1277E+03  0.2291E+03  0.1345E+02  0.2413E+02  0.1158E+03  0.1736E+01
   0.7750E+01  0.3276E+02  0.1272E+03  0.2262E+03  0.1427E+02  0.2539E+02  0.1190E+03  0.1794E+01
   0.8000E+01  0.3095E+02  0.1262E+03  0.2202E+03  0.1509E+02  0.2633E+02  0.1225E+03  0.1851E+01
   0.8250E+01  0.2915E+02  0.1246E+03  0.2126E+03  0.1591E+02  0.2716E+02  0.1260E+03  0.1909E+01
   0.8500E+01  0.2724E+02  0.1228E+03  0.2063E+03  0.1688E+02  0.2837E+02  0.1295E+03  0.1967E+01
   0.8750E+01  0.2528E+02  0.1209E+03  0.2016E+03  0.1802E+02  0.3004E+02  0.1330E+03  0.2025E+01
   0.9000E+01  0.2354E+02  0.1189E+03  0.1952E+03  0.1912E+02  0.3141E+02  0.1368E+03  0.2083E+01
   0.9250E+01  0.2224E+02  0.1163E+03  0.1841E+03  0.1992E+02  0.3152E+02  0.1411E+03  0.2141E+01
   0.9500E+01  0.2128E+02  0.1129E+03  0.1669E+03  0.2029E+02  0.3000E+02  0.1457E+03  0.2199E+01
   0.9750E+01  0.2043E+02  0.1082E+03  0.1442E+03  0.2036E+02  0.2713E+02  0.1502E+03  0.2256E+01
   0.1000E+02  0.1953E+02  0.1025E+03  0.1188E+03  0.2026E+02  0.2348E+02  0.1539E+03  0.2314E+01
   0.1025E+02  0.1852E+02  0.9600E+02  0.9459E+02  0.2010E+02  0.1980E+02  0.1565E+03  0.2372E+01
   0.1050E+02  0.1753E+02  0.8944E+02  0.7548E+02  0.1987E+02  0.1677E+02  0.1579E+03  0.2430E+01
   0.1075E+02  0.1656E+02  0.8335E+02  0.6293E+02  0.1968E+02  0.1485E+02  0.1581E+03  0.2488E+01
   0.1100E+02  0.1554E+02  0.7800E+02  0.5522E+02  0.1970E+02  0.1394E+02  0.1576E+03  0.2546E+01
   0.1125E+02  0.1448E+02  0.7331E+02  0.4899E+02  0.1993E+02  0.1332E+02  0.1567E+03  0.2604E+01
   0.1150E+02  0.1351E+02  0.6903E+02  0.4218E+02  0.2018E+02  0.1233E+02  0.1555E+03  0.2661E+01
   0.1175E+02  0.1272E+02  0.6507E+02  0.3647E+02  0.2028E+02  0.1137E+02  0.1538E+03  0.2719E+01
   0.1200E+02  0.1204E+02  0.6165E+02  0.3493E+02  0.2036E+02  0.1154E+02  0.1515E+03  0.2777E+01
   0.1225E+02  0.1136E+02  0.5906E+02  0.3840E+02  0.2073E+02  0.1348E+02  0.1485E+03  0.2835E+01
   0.1250E+02  0.1067E+02  0.5739E+02  0.4540E+02  0.2151E+02  0.1702E+02  0.1453E+03  0.2893E+01
   0.1275E+02  0.1005E+02  0.5652E+02  0.5389E+02  0.2256E+02  0.2151E+02  0.1423E+03  0.2951E+01
   0.1300E+02  0.9533E+01  0.5626E+02  0.6251E+02  0.2373E+02  0.2637E+02  0.1397E+03  0.3009E+01
   0.1325E+02  0.9067E+01  0.5641E+02  0.7052E+02  0.2508E+02  0.3135E+02  0.1375E+03  0.3066E+01
   0.1350E+02  0.8603E+01  0.5680E+02  0.7719E+02  0.2668E+02  0.3626E+02  0.1359E+03  0.3124E+01
   0.1375E+02  0.8165E+01  0.5728E+02  0.8224E+02  0.2841E+02  0.4079E+02  0.1348E+03  0.3182E+01
   0.1400E+02  0.7791E+01  0.5778E+02  0.8629E+02  0.3010E+02  0.4495E+02  0.1341E+03  0.3240E+01
   0.1425E+02  0.7453E+01  0.5834E+02  0.9069E+02  0.3183E+02  0.4949E+02  0.1336E+03  0.3298E+01
   0.1450E+02  0.7105E+01  0.5905E+02  0.9639E+02  0.3386E+02  0.5528E+02  0.1335E+03  0.3356E+01
   0.1475E+02  0.6739E+01  0.5996E+02  0.1027E+03  0.3632E+02  0.6221E+02  0.1339E+03  0.3413E+01
   0.1500E+02  0.6339E+01  0.6089E+02  0.1070E+03  0.3928E+02  0.6905E+02  0.1353E+03  0.3471E+01
   0.1525E+02  0.5895E+01  0.6153E+02  0.1065E+03  0.4276E+02  0.7398E+02  0.1377E+03  0.3529E+01
   0.1550E+02  0.5460E+01  0.6156E+02  0.1004E+03  0.4626E+02  0.7547E+02  0.1408E+03  0.3587E+01
   0.1575E+02  0.5094E+01  0.6088E+02  0.9075E+02  0.4910E+02  0.7320E+02  0.1440E+03  0.3645E+01
   0.1600E+02  0.4781E+01  0.5957E+02  0.7972E+02  0.5127E+02  0.6861E+02  0.1470E+03  0.3703E+01
   0.1625E+02  0.4489E+01  0.5781E+02  0.6853E+02  0.5307E+02  0.6292E+02  0.1495E+03  0.3761E+01
   0.1650E+02  0.4237E+01  0.5572E+02  0.5719E+02  0.5426E+02  0.5569E+02  0.1515E+03  0.3818E+01
   0.1675E+02  0.4026E+01  0.5335E+02  0.4569E+02  0.5474E+02  0.4689E+02  0.1529E+03  0.3876E+01
   0.1700E+02  0.3817E+01  0.5079E+02  0.3488E+02  0.5503E+02  0.3779E+02  0.1536E+03  0.3934E+01
   0.1725E+02  0.3610E+01  0.4823E+02  0.2632E+02  0.5532E+02  0.3019E+02  0.1532E+03  0.3992E+01
   0.1750E+02  0.3434E+01  0.4588E+02  0.2136E+02  0.5537E+02  0.2577E+02  0.1519E+03  0.4050E+01
   0.1775E+02  0.3293E+01  0.4394E+02  0.2025E+02  0.5536E+02  0.2551E+02  0.1497E+03  0.4108E+01
   0.1800E+02  0.3167E+01  0.4257E+02  0.2313E+02  0.5582E+02  0.3033E+02  0.1465E+03  0.4166E+01
   0.1825E+02  0.3045E+01  0.4208E+02  0.3415E+02  0.5745E+02  0.4662E+02  0.1425E+03  0.4223E+01
   0.1850E+02  0.2885E+01  0.4306E+02  0.5957E+02  0.6209E+02  0.8590E+02  0.1379E+03  0.4281E+01
   0.1875E+02  0.2634E+01  0.4573E+02  0.9316E+02  0.7229E+02  0.1473E+03  0.1352E+03  0.4339E+01
   0.1900E+02  0.2320E+01  0.4896E+02  0.1128E+03  0.8794E+02  0.2026E+03  0.1376E+03  0.4397E+01
   0.1925E+02  0.2053E+01  0.5042E+02  0.9665E+02  0.1024E+03  0.1963E+03  0.1454E+03  0.4455E+01
   0.1950E+02  0.1908E+01  0.4691E+02  0.5323E+01  0.1026E+03  0.1164E+02  0.1551E+03  0.4513E+01
