 3103 0 0 0 0 0 0 0
   0.2500E+00  0.8361E+03  0.1502E+04  0.2880E+04  0.3671E+01  0.7038E+01  0.4984E+02  0.9743E-01
   0.5000E+00  0.6861E+03  0.1273E+04  0.2459E+04  0.3989E+01  0.7703E+01  0.6392E+02  0.1949E+00
   0.7500E+00  0.5489E+03  0.1172E+04  0.2228E+04  0.4804E+01  0.9135E+01  0.7963E+02  0.2923E+00
   0.1000E+01  0.4378E+03  0.1090E+04  0.2028E+04  0.5839E+01  0.1087E+02  0.9546E+02  0.3897E+00
   0.1250E+01  0.3528E+03  0.1012E+04  0.1833E+04  0.6983E+01  0.1265E+02  0.1103E+03  0.4871E+00
   0.1500E+01  0.2872E+03  0.9355E+03  0.1645E+04  0.8196E+01  0.1441E+02  0.1234E+03  0.5846E+00
   0.1750E+01  0.2355E+03  0.8636E+03  0.1482E+04  0.9504E+01  0.1631E+02  0.1342E+03  0.6820E+00
   0.2000E+01  0.1940E+03  0.7990E+03  0.1345E+04  0.1095E+02  0.1843E+02  0.1430E+03  0.7794E+00
   0.2250E+01  0.1608E+03  0.7417E+03  0.1226E+04  0.1255E+02  0.2074E+02  0.1504E+03  0.8769E+00
   0.2500E+01  0.1343E+03  0.6904E+03  0.1121E+04  0.1427E+02  0.2316E+02  0.1566E+03  0.9743E+00
   0.2750E+01  0.1129E+03  0.6445E+03  0.1029E+04  0.1612E+02  0.2574E+02  0.1616E+03  0.1072E+01
   0.3000E+01  0.9544E+02  0.6040E+03  0.9529E+03  0.1816E+02  0.2865E+02  0.1655E+03  0.1169E+01
   0.3250E+01  0.8085E+02  0.5691E+03  0.8933E+03  0.2048E+02  0.3214E+02  0.1684E+03  0.1267E+01
   0.3500E+01  0.6856E+02  0.5398E+03  0.8481E+03  0.2319E+02  0.3644E+02  0.1706E+03  0.1364E+01
   0.3750E+01  0.5819E+02  0.5153E+03  0.8130E+03  0.2638E+02  0.4163E+02  0.1725E+03  0.1461E+01
   0.4000E+01  0.4948E+02  0.4946E+03  0.7837E+03  0.3008E+02  0.4766E+02  0.1742E+03  0.1559E+01
   0.4250E+01  0.4220E+02  0.4769E+03  0.7583E+03  0.3432E+02  0.5456E+02  0.1760E+03  0.1656E+01
   0.4500E+01  0.3611E+02  0.4617E+03  0.7375E+03  0.3915E+02  0.6255E+02  0.1776E+03  0.1754E+01
   0.4750E+01  0.3097E+02  0.4488E+03  0.7231E+03  0.4472E+02  0.7205E+02  0.1793E+03  0.1851E+01
   0.5000E+01  0.2659E+02  0.4383E+03  0.7145E+03  0.5122E+02  0.8350E+02  0.1812E+03  0.1949E+01
   0.5250E+01  0.2283E+02  0.4295E+03  0.7072E+03  0.5884E+02  0.9688E+02  0.1836E+03  0.2046E+01
   0.5500E+01  0.1959E+02  0.4214E+03  0.6940E+03  0.6765E+02  0.1114E+03  0.1869E+03  0.2143E+01
   0.5750E+01  0.1682E+02  0.4124E+03  0.6698E+03  0.7756E+02  0.1260E+03  0.1910E+03  0.2241E+01
   0.6000E+01  0.1443E+02  0.4017E+03  0.6346E+03  0.8848E+02  0.1398E+03  0.1955E+03  0.2338E+01
   0.6250E+01  0.1236E+02  0.3892E+03  0.5947E+03  0.1005E+03  0.1536E+03  0.1996E+03  0.2436E+01
   0.6500E+01  0.1057E+02  0.3759E+03  0.5577E+03  0.1140E+03  0.1692E+03  0.2029E+03  0.2533E+01
   0.6750E+01  0.9034E+01  0.3629E+03  0.5285E+03  0.1294E+03  0.1884E+03  0.2053E+03  0.2631E+01
   0.7000E+01  0.7720E+01  0.3511E+03  0.5080E+03  0.1470E+03  0.2127E+03  0.2071E+03  0.2728E+01
   0.7250E+01  0.6603E+01  0.3408E+03  0.4939E+03  0.1674E+03  0.2426E+03  0.2084E+03  0.2825E+01
   0.7500E+01  0.5648E+01  0.3317E+03  0.4825E+03  0.1910E+03  0.2779E+03  0.2098E+03  0.2923E+01
   0.7750E+01  0.4828E+01  0.3236E+03  0.4708E+03  0.2186E+03  0.3181E+03  0.2112E+03  0.3020E+01
   0.8000E+01  0.4120E+01  0.3159E+03  0.4581E+03  0.2508E+03  0.3637E+03  0.2128E+03  0.3118E+01
   0.8250E+01  0.3512E+01  0.3086E+03  0.4456E+03  0.2881E+03  0.4160E+03  0.2144E+03  0.3215E+01
   0.8500E+01  0.2990E+01  0.3016E+03  0.4341E+03  0.3314E+03  0.4770E+03  0.2160E+03  0.3313E+01
   0.8750E+01  0.2544E+01  0.2950E+03  0.4231E+03  0.3817E+03  0.5476E+03  0.2176E+03  0.3410E+01
   0.9000E+01  0.2162E+01  0.2885E+03  0.4112E+03  0.4401E+03  0.6273E+03  0.2195E+03  0.3507E+01
   0.9250E+01  0.1836E+01  0.2819E+03  0.3956E+03  0.5073E+03  0.7118E+03  0.2216E+03  0.3605E+01
   0.9500E+01  0.1560E+01  0.2746E+03  0.3726E+03  0.5826E+03  0.7904E+03  0.2239E+03  0.3702E+01
   0.9750E+01  0.1327E+01  0.2662E+03  0.3421E+03  0.6648E+03  0.8543E+03  0.2260E+03  0.3800E+01
   0.1000E+02  0.1131E+01  0.2569E+03  0.3121E+03  0.7539E+03  0.9156E+03  0.2273E+03  0.3897E+01
   0.1025E+02  0.9650E+00  0.2478E+03  0.2912E+03  0.8530E+03  0.1003E+04  0.2273E+03  0.3995E+01
   0.1050E+02  0.8242E+00  0.2397E+03  0.2805E+03  0.9673E+03  0.1132E+04  0.2262E+03  0.4092E+01
   0.1075E+02  0.7042E+00  0.2331E+03  0.2769E+03  0.1102E+04  0.1309E+04  0.2244E+03  0.4189E+01
   0.1100E+02  0.6019E+00  0.2280E+03  0.2801E+03  0.1262E+04  0.1551E+04  0.2220E+03  0.4287E+01
   0.1125E+02  0.5147E+00  0.2248E+03  0.2928E+03  0.1456E+04  0.1897E+04  0.2192E+03  0.4384E+01
   0.1150E+02  0.4403E+00  0.2237E+03  0.3158E+03  0.1695E+04  0.2393E+04  0.2164E+03  0.4482E+01
   0.1175E+02  0.3768E+00  0.2246E+03  0.3436E+03  0.1991E+04  0.3045E+04  0.2144E+03  0.4579E+01
   0.1200E+02  0.3222E+00  0.2268E+03  0.3667E+03  0.2352E+04  0.3803E+04  0.2139E+03  0.4677E+01
   0.1225E+02  0.2755E+00  0.2288E+03  0.3772E+03  0.2777E+04  0.4578E+04  0.2152E+03  0.4774E+01
   0.1250E+02  0.2358E+00  0.2298E+03  0.3738E+03  0.3261E+04  0.5304E+04  0.2177E+03  0.4871E+01
   0.1275E+02  0.2039E+00  0.2294E+03  0.3637E+03  0.3766E+04  0.5969E+04  0.2207E+03  0.4969E+01
   0.1300E+02  0.1891E+00  0.2282E+03  0.3550E+03  0.4040E+04  0.6285E+04  0.2234E+03  0.5066E+01
   0.1325E+02  0.2303E+00  0.2268E+03  0.3498E+03  0.3299E+04  0.5087E+04  0.2258E+03  0.5164E+01
   0.1350E+02  0.5073E+00  0.2254E+03  0.3454E+03  0.1489E+04  0.2281E+04  0.2283E+03  0.5261E+01
   0.1375E+02  0.2062E+01  0.2239E+03  0.3408E+03  0.3639E+03  0.5540E+03  0.2309E+03  0.5359E+01
   0.1400E+02  0.8585E+01  0.2224E+03  0.3376E+03  0.8686E+02  0.1319E+03  0.2335E+03  0.5456E+01
   0.1425E+02  0.1984E+02  0.2210E+03  0.3358E+03  0.3737E+02  0.5677E+02  0.2363E+03  0.5553E+01
   0.1450E+02  0.2515E+02  0.2196E+03  0.3316E+03  0.2930E+02  0.4423E+02  0.2395E+03  0.5651E+01
   0.1475E+02  0.2441E+02  0.2183E+03  0.3280E+03  0.3000E+02  0.4508E+02  0.2427E+03  0.5748E+01
   0.1500E+02  0.2433E+02  0.2198E+03  0.3952E+03  0.3032E+02  0.5451E+02  0.2455E+03  0.5846E+01
