 4303 0 0 0 0 0 0 0
   0.2500E+00  0.6781E+04  0.2129E+04  0.3024E+04  0.3140E+00  0.4460E+00  0.1063E+03  0.9615E-01
   0.5000E+00  0.5288E+04  0.1002E+04  0.1504E+04  0.1895E+00  0.2845E+00  0.1087E+03  0.1923E+00
   0.7500E+00  0.3697E+04  0.6781E+03  0.1037E+04  0.1834E+00  0.2805E+00  0.1062E+03  0.2885E+00
   0.1000E+01  0.2389E+04  0.5485E+03  0.9210E+03  0.2296E+00  0.3855E+00  0.1003E+03  0.3846E+00
   0.1250E+01  0.1589E+04  0.5193E+03  0.1032E+04  0.3268E+00  0.6493E+00  0.9408E+02  0.4808E+00
   0.1500E+01  0.1175E+04  0.5340E+03  0.1147E+04  0.4543E+00  0.9761E+00  0.9796E+02  0.5769E+00
   0.1750E+01  0.9578E+03  0.5151E+03  0.9231E+03  0.5378E+00  0.9638E+00  0.1165E+03  0.6731E+00
   0.2000E+01  0.8317E+03  0.4478E+03  0.6582E+03  0.5383E+00  0.7913E+00  0.1291E+03  0.7692E+00
   0.2250E+01  0.7534E+03  0.3841E+03  0.5623E+03  0.5099E+00  0.7463E+00  0.1315E+03  0.8654E+00
   0.2500E+01  0.7001E+03  0.3491E+03  0.5706E+03  0.4987E+00  0.8150E+00  0.1307E+03  0.9615E+00
   0.2750E+01  0.6574E+03  0.3320E+03  0.5775E+03  0.5051E+00  0.8785E+00  0.1325E+03  0.1058E+01
   0.3000E+01  0.6169E+03  0.3162E+03  0.5363E+03  0.5126E+00  0.8694E+00  0.1377E+03  0.1154E+01
   0.3250E+01  0.5731E+03  0.2938E+03  0.4564E+03  0.5126E+00  0.7963E+00  0.1442E+03  0.1250E+01
   0.3500E+01  0.5218E+03  0.2656E+03  0.3693E+03  0.5091E+00  0.7077E+00  0.1493E+03  0.1346E+01
   0.3750E+01  0.4633E+03  0.2368E+03  0.3005E+03  0.5112E+00  0.6486E+00  0.1519E+03  0.1442E+01
   0.4000E+01  0.4026E+03  0.2120E+03  0.2624E+03  0.5266E+00  0.6516E+00  0.1523E+03  0.1538E+01
   0.4250E+01  0.3466E+03  0.1924E+03  0.2392E+03  0.5552E+00  0.6901E+00  0.1517E+03  0.1635E+01
   0.4500E+01  0.2989E+03  0.1767E+03  0.2198E+03  0.5910E+00  0.7352E+00  0.1509E+03  0.1731E+01
   0.4750E+01  0.2593E+03  0.1636E+03  0.2049E+03  0.6308E+00  0.7903E+00  0.1497E+03  0.1827E+01
   0.5000E+01  0.2266E+03  0.1529E+03  0.1960E+03  0.6746E+00  0.8649E+00  0.1483E+03  0.1923E+01
   0.5250E+01  0.2006E+03  0.1444E+03  0.1915E+03  0.7201E+00  0.9546E+00  0.1468E+03  0.2019E+01
   0.5500E+01  0.1807E+03  0.1378E+03  0.1890E+03  0.7623E+00  0.1046E+01  0.1454E+03  0.2115E+01
   0.5750E+01  0.1661E+03  0.1324E+03  0.1872E+03  0.7975E+00  0.1127E+01  0.1443E+03  0.2212E+01
   0.6000E+01  0.1548E+03  0.1280E+03  0.1853E+03  0.8266E+00  0.1197E+01  0.1436E+03  0.2308E+01
   0.6250E+01  0.1450E+03  0.1241E+03  0.1826E+03  0.8562E+00  0.1260E+01  0.1431E+03  0.2404E+01
   0.6500E+01  0.1348E+03  0.1206E+03  0.1792E+03  0.8951E+00  0.1330E+01  0.1430E+03  0.2500E+01
   0.6750E+01  0.1236E+03  0.1173E+03  0.1751E+03  0.9493E+00  0.1416E+01  0.1431E+03  0.2596E+01
   0.7000E+01  0.1120E+03  0.1141E+03  0.1700E+03  0.1019E+01  0.1518E+01  0.1435E+03  0.2692E+01
   0.7250E+01  0.1006E+03  0.1109E+03  0.1637E+03  0.1103E+01  0.1627E+01  0.1440E+03  0.2788E+01
   0.7500E+01  0.8990E+02  0.1076E+03  0.1559E+03  0.1197E+01  0.1734E+01  0.1448E+03  0.2885E+01
   0.7750E+01  0.8019E+02  0.1040E+03  0.1468E+03  0.1297E+01  0.1831E+01  0.1455E+03  0.2981E+01
   0.8000E+01  0.7172E+02  0.1003E+03  0.1371E+03  0.1398E+01  0.1911E+01  0.1462E+03  0.3077E+01
   0.8250E+01  0.6465E+02  0.9650E+02  0.1278E+03  0.1493E+01  0.1977E+01  0.1467E+03  0.3173E+01
   0.8500E+01  0.5884E+02  0.9278E+02  0.1199E+03  0.1577E+01  0.2038E+01  0.1469E+03  0.3269E+01
   0.8750E+01  0.5393E+02  0.8932E+02  0.1140E+03  0.1656E+01  0.2115E+01  0.1468E+03  0.3365E+01
   0.9000E+01  0.4956E+02  0.8621E+02  0.1098E+03  0.1739E+01  0.2216E+01  0.1465E+03  0.3462E+01
   0.9250E+01  0.4552E+02  0.8343E+02  0.1066E+03  0.1833E+01  0.2341E+01  0.1461E+03  0.3558E+01
   0.9500E+01  0.4175E+02  0.8094E+02  0.1036E+03  0.1939E+01  0.2482E+01  0.1458E+03  0.3654E+01
   0.9750E+01  0.3826E+02  0.7864E+02  0.1008E+03  0.2056E+01  0.2634E+01  0.1454E+03  0.3750E+01
   0.1000E+02  0.3508E+02  0.7653E+02  0.9822E+02  0.2182E+01  0.2800E+01  0.1451E+03  0.3846E+01
   0.1025E+02  0.3214E+02  0.7459E+02  0.9616E+02  0.2321E+01  0.2992E+01  0.1447E+03  0.3942E+01
   0.1050E+02  0.2933E+02  0.7283E+02  0.9453E+02  0.2484E+01  0.3223E+01  0.1443E+03  0.4038E+01
   0.1075E+02  0.2649E+02  0.7124E+02  0.9312E+02  0.2689E+01  0.3515E+01  0.1440E+03  0.4135E+01
   0.1100E+02  0.2366E+02  0.6977E+02  0.9173E+02  0.2949E+01  0.3877E+01  0.1437E+03  0.4231E+01
   0.1125E+02  0.2085E+02  0.6839E+02  0.9019E+02  0.3281E+01  0.4326E+01  0.1435E+03  0.4327E+01
   0.1150E+02  0.1825E+02  0.6707E+02  0.8831E+02  0.3676E+01  0.4840E+01  0.1434E+03  0.4423E+01
   0.1175E+02  0.1598E+02  0.6575E+02  0.8608E+02  0.4115E+01  0.5388E+01  0.1434E+03  0.4519E+01
   0.1200E+02  0.1403E+02  0.6445E+02  0.8370E+02  0.4593E+01  0.5964E+01  0.1433E+03  0.4615E+01
   0.1225E+02  0.1249E+02  0.6317E+02  0.8149E+02  0.5058E+01  0.6524E+01  0.1432E+03  0.4712E+01
   0.1250E+02  0.1117E+02  0.6195E+02  0.7969E+02  0.5546E+01  0.7134E+01  0.1431E+03  0.4808E+01
   0.1275E+02  0.1006E+02  0.6080E+02  0.7819E+02  0.6045E+01  0.7773E+01  0.1429E+03  0.4904E+01
   0.1300E+02  0.9016E+01  0.5972E+02  0.7673E+02  0.6624E+01  0.8511E+01  0.1428E+03  0.5000E+01
   0.1325E+02  0.8037E+01  0.5869E+02  0.7528E+02  0.7303E+01  0.9367E+01  0.1426E+03  0.5096E+01
   0.1350E+02  0.7226E+01  0.5772E+02  0.7405E+02  0.7988E+01  0.1025E+02  0.1425E+03  0.5192E+01
   0.1375E+02  0.6416E+01  0.5681E+02  0.7313E+02  0.8855E+01  0.1140E+02  0.1423E+03  0.5288E+01
   0.1400E+02  0.5756E+01  0.5597E+02  0.7229E+02  0.9723E+01  0.1256E+02  0.1422E+03  0.5385E+01
   0.1425E+02  0.5253E+01  0.5517E+02  0.7131E+02  0.1050E+02  0.1357E+02  0.1421E+03  0.5481E+01
   0.1450E+02  0.4759E+01  0.5439E+02  0.7016E+02  0.1143E+02  0.1474E+02  0.1421E+03  0.5577E+01
   0.1475E+02  0.4417E+01  0.5362E+02  0.6893E+02  0.1214E+02  0.1561E+02  0.1421E+03  0.5673E+01
   0.1500E+02  0.4180E+01  0.5287E+02  0.6771E+02  0.1265E+02  0.1620E+02  0.1421E+03  0.5769E+01
   0.1525E+02  0.3946E+01  0.5213E+02  0.6654E+02  0.1321E+02  0.1686E+02  0.1421E+03  0.5865E+01
   0.1550E+02  0.3769E+01  0.5142E+02  0.6542E+02  0.1364E+02  0.1736E+02  0.1421E+03  0.5962E+01
   0.1575E+02  0.3565E+01  0.5073E+02  0.6436E+02  0.1423E+02  0.1805E+02  0.1421E+03  0.6058E+01
   0.1600E+02  0.3294E+01  0.5007E+02  0.6338E+02  0.1520E+02  0.1924E+02  0.1421E+03  0.6154E+01
   0.1625E+02  0.3119E+01  0.4943E+02  0.6251E+02  0.1585E+02  0.2004E+02  0.1421E+03  0.6250E+01
   0.1650E+02  0.2997E+01  0.4883E+02  0.6176E+02  0.1629E+02  0.2061E+02  0.1421E+03  0.6346E+01
   0.1675E+02  0.2833E+01  0.4825E+02  0.6106E+02  0.1703E+02  0.2156E+02  0.1421E+03  0.6442E+01
   0.1700E+02  0.2708E+01  0.4769E+02  0.6026E+02  0.1761E+02  0.2225E+02  0.1422E+03  0.6538E+01
   0.1725E+02  0.2592E+01  0.4713E+02  0.5915E+02  0.1818E+02  0.2282E+02  0.1423E+03  0.6635E+01
   0.1750E+02  0.2355E+01  0.4655E+02  0.5779E+02  0.1977E+02  0.2454E+02  0.1425E+03  0.6731E+01
   0.1775E+02  0.2133E+01  0.4596E+02  0.5644E+02  0.2155E+02  0.2646E+02  0.1426E+03  0.6827E+01
