 2690 0 0 0 0 0 0 0
   0.2500E+00  0.2708E+03  0.5480E+03  0.1105E+04  0.3840E+01  0.7746E+01  0.1828E+02  0.5386E-01
   0.5000E+00  0.2520E+03  0.5283E+03  0.1058E+04  0.4063E+01  0.8141E+01  0.2981E+02  0.1077E+00
   0.7500E+00  0.2303E+03  0.5144E+03  0.1010E+04  0.4414E+01  0.8667E+01  0.4387E+02  0.1616E+00
   0.1000E+01  0.2088E+03  0.4919E+03  0.9326E+03  0.4740E+01  0.8988E+01  0.5820E+02  0.2154E+00
   0.1250E+01  0.1895E+03  0.4611E+03  0.8400E+03  0.4978E+01  0.9069E+01  0.7091E+02  0.2693E+00
   0.1500E+01  0.1728E+03  0.4272E+03  0.7530E+03  0.5138E+01  0.9056E+01  0.8129E+02  0.3231E+00
   0.1750E+01  0.1577E+03  0.3944E+03  0.6776E+03  0.5273E+01  0.9059E+01  0.8983E+02  0.3770E+00
   0.2000E+01  0.1431E+03  0.3630E+03  0.6027E+03  0.5420E+01  0.9000E+01  0.9731E+02  0.4308E+00
   0.2250E+01  0.1288E+03  0.3312E+03  0.5215E+03  0.5563E+01  0.8758E+01  0.1037E+03  0.4847E+00
   0.2500E+01  0.1155E+03  0.2994E+03  0.4427E+03  0.5671E+01  0.8387E+01  0.1081E+03  0.5386E+00
   0.2750E+01  0.1039E+03  0.2704E+03  0.3848E+03  0.5758E+01  0.8193E+01  0.1098E+03  0.5924E+00
   0.3000E+01  0.9413E+02  0.2484E+03  0.3609E+03  0.5892E+01  0.8562E+01  0.1088E+03  0.6463E+00
   0.3250E+01  0.8627E+02  0.2351E+03  0.3661E+03  0.6138E+01  0.9561E+01  0.1066E+03  0.7001E+00
   0.3500E+01  0.8015E+02  0.2286E+03  0.3791E+03  0.6477E+01  0.1074E+02  0.1052E+03  0.7540E+00
   0.3750E+01  0.7560E+02  0.2249E+03  0.3828E+03  0.6808E+01  0.1159E+02  0.1056E+03  0.8078E+00
   0.4000E+01  0.7234E+02  0.2212E+03  0.3759E+03  0.7046E+01  0.1197E+02  0.1074E+03  0.8617E+00
   0.4250E+01  0.7003E+02  0.2166E+03  0.3638E+03  0.7172E+01  0.1205E+02  0.1097E+03  0.9156E+00
   0.4500E+01  0.6829E+02  0.2112E+03  0.3487E+03  0.7214E+01  0.1191E+02  0.1123E+03  0.9694E+00
   0.4750E+01  0.6672E+02  0.2053E+03  0.3325E+03  0.7216E+01  0.1169E+02  0.1148E+03  0.1023E+01
   0.5000E+01  0.6489E+02  0.1992E+03  0.3179E+03  0.7235E+01  0.1155E+02  0.1168E+03  0.1077E+01
   0.5250E+01  0.6261E+02  0.1934E+03  0.3067E+03  0.7317E+01  0.1160E+02  0.1186E+03  0.1131E+01
   0.5500E+01  0.5993E+02  0.1882E+03  0.2978E+03  0.7469E+01  0.1182E+02  0.1202E+03  0.1185E+01
   0.5750E+01  0.5701E+02  0.1833E+03  0.2882E+03  0.7680E+01  0.1207E+02  0.1219E+03  0.1239E+01
   0.6000E+01  0.5385E+02  0.1783E+03  0.2752E+03  0.7937E+01  0.1225E+02  0.1237E+03  0.1293E+01
   0.6250E+01  0.5056E+02  0.1727E+03  0.2582E+03  0.8218E+01  0.1228E+02  0.1254E+03  0.1346E+01
   0.6500E+01  0.4739E+02  0.1666E+03  0.2398E+03  0.8485E+01  0.1221E+02  0.1266E+03  0.1400E+01
   0.6750E+01  0.4451E+02  0.1606E+03  0.2255E+03  0.8733E+01  0.1227E+02  0.1265E+03  0.1454E+01
   0.7000E+01  0.4182E+02  0.1555E+03  0.2207E+03  0.9027E+01  0.1281E+02  0.1252E+03  0.1508E+01
   0.7250E+01  0.3919E+02  0.1523E+03  0.2270E+03  0.9462E+01  0.1410E+02  0.1229E+03  0.1562E+01
   0.7500E+01  0.3662E+02  0.1513E+03  0.2420E+03  0.1008E+02  0.1612E+02  0.1203E+03  0.1616E+01
   0.7750E+01  0.3420E+02  0.1522E+03  0.2604E+03  0.1089E+02  0.1863E+02  0.1185E+03  0.1670E+01
   0.8000E+01  0.3192E+02  0.1543E+03  0.2771E+03  0.1185E+02  0.2128E+02  0.1179E+03  0.1723E+01
   0.8250E+01  0.2969E+02  0.1567E+03  0.2884E+03  0.1296E+02  0.2386E+02  0.1191E+03  0.1777E+01
   0.8500E+01  0.2751E+02  0.1586E+03  0.2927E+03  0.1420E+02  0.2619E+02  0.1216E+03  0.1831E+01
   0.8750E+01  0.2545E+02  0.1597E+03  0.2906E+03  0.1548E+02  0.2817E+02  0.1252E+03  0.1885E+01
   0.9000E+01  0.2361E+02  0.1598E+03  0.2842E+03  0.1672E+02  0.2974E+02  0.1292E+03  0.1939E+01
   0.9250E+01  0.2203E+02  0.1590E+03  0.2757E+03  0.1787E+02  0.3097E+02  0.1332E+03  0.1993E+01
   0.9500E+01  0.2069E+02  0.1576E+03  0.2666E+03  0.1889E+02  0.3195E+02  0.1370E+03  0.2047E+01
   0.9750E+01  0.1953E+02  0.1559E+03  0.2578E+03  0.1982E+02  0.3279E+02  0.1406E+03  0.2100E+01
   0.1000E+02  0.1850E+02  0.1538E+03  0.2499E+03  0.2068E+02  0.3360E+02  0.1439E+03  0.2154E+01
   0.1025E+02  0.1758E+02  0.1516E+03  0.2422E+03  0.2148E+02  0.3431E+02  0.1471E+03  0.2208E+01
   0.1050E+02  0.1676E+02  0.1493E+03  0.2334E+03  0.2221E+02  0.3472E+02  0.1503E+03  0.2262E+01
   0.1075E+02  0.1606E+02  0.1466E+03  0.2229E+03  0.2278E+02  0.3465E+02  0.1534E+03  0.2316E+01
   0.1100E+02  0.1549E+02  0.1436E+03  0.2113E+03  0.2317E+02  0.3411E+02  0.1562E+03  0.2370E+01
   0.1125E+02  0.1500E+02  0.1403E+03  0.1997E+03  0.2341E+02  0.3332E+02  0.1586E+03  0.2424E+01
   0.1150E+02  0.1455E+02  0.1369E+03  0.1891E+03  0.2357E+02  0.3258E+02  0.1605E+03  0.2477E+01
   0.1175E+02  0.1412E+02  0.1336E+03  0.1814E+03  0.2373E+02  0.3222E+02  0.1616E+03  0.2531E+01
   0.1200E+02  0.1375E+02  0.1309E+03  0.1796E+03  0.2390E+02  0.3278E+02  0.1621E+03  0.2585E+01
   0.1225E+02  0.1343E+02  0.1292E+03  0.1864E+03  0.2417E+02  0.3486E+02  0.1621E+03  0.2639E+01
   0.1250E+02  0.1312E+02  0.1288E+03  0.1998E+03  0.2468E+02  0.3829E+02  0.1623E+03  0.2693E+01
   0.1275E+02  0.1276E+02  0.1292E+03  0.2116E+03  0.2549E+02  0.4174E+02  0.1639E+03  0.2747E+01
   0.1300E+02  0.1231E+02  0.1295E+03  0.2127E+03  0.2649E+02  0.4351E+02  0.1673E+03  0.2801E+01
   0.1325E+02  0.1181E+02  0.1285E+03  0.1986E+03  0.2743E+02  0.4240E+02  0.1721E+03  0.2854E+01
   0.1350E+02  0.1129E+02  0.1257E+03  0.1735E+03  0.2810E+02  0.3876E+02  0.1770E+03  0.2908E+01
   0.1375E+02  0.1076E+02  0.1215E+03  0.1469E+03  0.2851E+02  0.3447E+02  0.1809E+03  0.2962E+01
   0.1400E+02  0.1023E+02  0.1167E+03  0.1264E+03  0.2883E+02  0.3124E+02  0.1831E+03  0.3016E+01
   0.1425E+02  0.9699E+01  0.1121E+03  0.1145E+03  0.2923E+02  0.2985E+02  0.1839E+03  0.3070E+01
   0.1450E+02  0.9171E+01  0.1084E+03  0.1113E+03  0.2989E+02  0.3070E+02  0.1835E+03  0.3124E+01
   0.1475E+02  0.8624E+01  0.1058E+03  0.1166E+03  0.3105E+02  0.3423E+02  0.1825E+03  0.3178E+01
   0.1500E+02  0.8064E+01  0.1045E+03  0.1299E+03  0.3283E+02  0.4081E+02  0.1815E+03  0.3231E+01
   0.1525E+02  0.7499E+01  0.1046E+03  0.1476E+03  0.3534E+02  0.4989E+02  0.1813E+03  0.3285E+01
   0.1550E+02  0.6914E+01  0.1052E+03  0.1605E+03  0.3859E+02  0.5885E+02  0.1832E+03  0.3339E+01
   0.1575E+02  0.6315E+01  0.1052E+03  0.1556E+03  0.4226E+02  0.6251E+02  0.1875E+03  0.3393E+01
   0.1600E+02  0.5726E+01  0.1030E+03  0.1254E+03  0.4564E+02  0.5559E+02  0.1937E+03  0.3447E+01
   0.1625E+02  0.5168E+01  0.9757E+02  0.7425E+02  0.4793E+02  0.3648E+02  0.1996E+03  0.3501E+01
   0.1650E+02  0.4667E+01  0.8676E+02  0.1000E-01  0.4721E+02  0.5442E-02  0.2039E+03  0.3555E+01
