 1995 0 0 0 0 0 0 0
   0.2500E+00  0.2957E+03  0.1037E+04  0.2084E+04  0.5993E+01  0.1205E+02  0.3980E+02  0.4947E-01
   0.5000E+00  0.2670E+03  0.8854E+03  0.1731E+04  0.5706E+01  0.1116E+02  0.5620E+02  0.9894E-01
   0.7500E+00  0.2324E+03  0.7979E+03  0.1521E+04  0.5943E+01  0.1133E+02  0.7165E+02  0.1484E+00
   0.1000E+01  0.1995E+03  0.7255E+03  0.1350E+04  0.6325E+01  0.1177E+02  0.8603E+02  0.1979E+00
   0.1250E+01  0.1724E+03  0.6542E+03  0.1162E+04  0.6631E+01  0.1177E+02  0.9983E+02  0.2474E+00
   0.1500E+01  0.1509E+03  0.5769E+03  0.9479E+03  0.6705E+01  0.1102E+02  0.1115E+03  0.2968E+00
   0.1750E+01  0.1337E+03  0.4990E+03  0.7560E+03  0.6565E+01  0.9945E+01  0.1186E+03  0.3463E+00
   0.2000E+01  0.1199E+03  0.4348E+03  0.6443E+03  0.6396E+01  0.9477E+01  0.1199E+03  0.3958E+00
   0.2250E+01  0.1090E+03  0.3965E+03  0.6400E+03  0.6434E+01  0.1038E+02  0.1167E+03  0.4452E+00
   0.2500E+01  0.1006E+03  0.3848E+03  0.7017E+03  0.6776E+01  0.1236E+02  0.1135E+03  0.4947E+00
   0.2750E+01  0.9433E+02  0.3865E+03  0.7460E+03  0.7269E+01  0.1403E+02  0.1153E+03  0.5442E+00
   0.3000E+01  0.8947E+02  0.3842E+03  0.7164E+03  0.7626E+01  0.1422E+02  0.1229E+03  0.5936E+00
   0.3250E+01  0.8534E+02  0.3694E+03  0.6311E+03  0.7695E+01  0.1315E+02  0.1321E+03  0.6431E+00
   0.3500E+01  0.8156E+02  0.3465E+03  0.5511E+03  0.7556E+01  0.1202E+02  0.1387E+03  0.6926E+00
   0.3750E+01  0.7819E+02  0.3238E+03  0.5021E+03  0.7367E+01  0.1142E+02  0.1424E+03  0.7421E+00
   0.4000E+01  0.7545E+02  0.3048E+03  0.4703E+03  0.7188E+01  0.1109E+02  0.1447E+03  0.7915E+00
   0.4250E+01  0.7332E+02  0.2891E+03  0.4469E+03  0.7017E+01  0.1085E+02  0.1464E+03  0.8410E+00
   0.4500E+01  0.7158E+02  0.2764E+03  0.4320E+03  0.6870E+01  0.1074E+02  0.1476E+03  0.8905E+00
   0.4750E+01  0.6994E+02  0.2663E+03  0.4234E+03  0.6772E+01  0.1077E+02  0.1487E+03  0.9399E+00
   0.5000E+01  0.6822E+02  0.2584E+03  0.4181E+03  0.6733E+01  0.1090E+02  0.1500E+03  0.9894E+00
   0.5250E+01  0.6630E+02  0.2519E+03  0.4139E+03  0.6753E+01  0.1109E+02  0.1518E+03  0.1039E+01
   0.5500E+01  0.6412E+02  0.2464E+03  0.4086E+03  0.6826E+01  0.1132E+02  0.1541E+03  0.1088E+01
   0.5750E+01  0.6186E+02  0.2412E+03  0.4002E+03  0.6919E+01  0.1148E+02  0.1571E+03  0.1138E+01
   0.6000E+01  0.5971E+02  0.2356E+03  0.3863E+03  0.6996E+01  0.1147E+02  0.1607E+03  0.1187E+01
   0.6250E+01  0.5753E+02  0.2289E+03  0.3652E+03  0.7053E+01  0.1125E+02  0.1648E+03  0.1237E+01
   0.6500E+01  0.5506E+02  0.2211E+03  0.3386E+03  0.7109E+01  0.1089E+02  0.1688E+03  0.1286E+01
   0.6750E+01  0.5240E+02  0.2122E+03  0.3111E+03  0.7165E+01  0.1050E+02  0.1725E+03  0.1336E+01
   0.7000E+01  0.4982E+02  0.2028E+03  0.2850E+03  0.7197E+01  0.1011E+02  0.1757E+03  0.1385E+01
   0.7250E+01  0.4752E+02  0.1933E+03  0.2604E+03  0.7186E+01  0.9679E+01  0.1784E+03  0.1435E+01
   0.7500E+01  0.4546E+02  0.1839E+03  0.2374E+03  0.7138E+01  0.9215E+01  0.1805E+03  0.1484E+01
   0.7750E+01  0.4346E+02  0.1747E+03  0.2166E+03  0.7088E+01  0.8788E+01  0.1822E+03  0.1534E+01
   0.8000E+01  0.4128E+02  0.1659E+03  0.1982E+03  0.7080E+01  0.8459E+01  0.1834E+03  0.1583E+01
   0.8250E+01  0.3879E+02  0.1575E+03  0.1819E+03  0.7151E+01  0.8254E+01  0.1841E+03  0.1633E+01
   0.8500E+01  0.3604E+02  0.1497E+03  0.1676E+03  0.7308E+01  0.8180E+01  0.1845E+03  0.1682E+01
   0.8750E+01  0.3328E+02  0.1426E+03  0.1559E+03  0.7528E+01  0.8234E+01  0.1844E+03  0.1731E+01
   0.9000E+01  0.3075E+02  0.1361E+03  0.1476E+03  0.7775E+01  0.8434E+01  0.1839E+03  0.1781E+01
   0.9250E+01  0.2852E+02  0.1306E+03  0.1435E+03  0.8033E+01  0.8829E+01  0.1830E+03  0.1830E+01
   0.9500E+01  0.2662E+02  0.1260E+03  0.1434E+03  0.8305E+01  0.9450E+01  0.1820E+03  0.1880E+01
   0.9750E+01  0.2502E+02  0.1225E+03  0.1458E+03  0.8582E+01  0.1022E+02  0.1811E+03  0.1929E+01
   0.1000E+02  0.2374E+02  0.1197E+03  0.1479E+03  0.8828E+01  0.1091E+02  0.1806E+03  0.1979E+01
   0.1025E+02  0.2268E+02  0.1171E+03  0.1472E+03  0.9035E+01  0.1136E+02  0.1806E+03  0.2028E+01
   0.1050E+02  0.2165E+02  0.1145E+03  0.1428E+03  0.9247E+01  0.1153E+02  0.1811E+03  0.2078E+01
   0.1075E+02  0.2054E+02  0.1116E+03  0.1351E+03  0.9494E+01  0.1150E+02  0.1817E+03  0.2127E+01
   0.1100E+02  0.1940E+02  0.1083E+03  0.1260E+03  0.9750E+01  0.1134E+02  0.1824E+03  0.2177E+01
   0.1125E+02  0.1839E+02  0.1048E+03  0.1171E+03  0.9950E+01  0.1111E+02  0.1828E+03  0.2226E+01
   0.1150E+02  0.1758E+02  0.1014E+03  0.1095E+03  0.1006E+02  0.1086E+02  0.1830E+03  0.2276E+01
   0.1175E+02  0.1689E+02  0.9809E+02  0.1033E+03  0.1013E+02  0.1067E+02  0.1830E+03  0.2325E+01
   0.1200E+02  0.1618E+02  0.9497E+02  0.9817E+02  0.1023E+02  0.1057E+02  0.1828E+03  0.2375E+01
   0.1225E+02  0.1540E+02  0.9202E+02  0.9336E+02  0.1041E+02  0.1056E+02  0.1826E+03  0.2424E+01
   0.1250E+02  0.1459E+02  0.8918E+02  0.8838E+02  0.1064E+02  0.1054E+02  0.1823E+03  0.2474E+01
   0.1275E+02  0.1383E+02  0.8639E+02  0.8295E+02  0.1087E+02  0.1044E+02  0.1819E+03  0.2523E+01
   0.1300E+02  0.1320E+02  0.8363E+02  0.7719E+02  0.1102E+02  0.1017E+02  0.1814E+03  0.2572E+01
   0.1325E+02  0.1271E+02  0.8093E+02  0.7186E+02  0.1107E+02  0.9829E+01  0.1806E+03  0.2622E+01
   0.1350E+02  0.1225E+02  0.7841E+02  0.6846E+02  0.1112E+02  0.9710E+01  0.1794E+03  0.2671E+01
   0.1375E+02  0.1173E+02  0.7627E+02  0.6825E+02  0.1129E+02  0.1010E+02  0.1778E+03  0.2721E+01
   0.1400E+02  0.1118E+02  0.7466E+02  0.7120E+02  0.1160E+02  0.1106E+02  0.1760E+03  0.2770E+01
   0.1425E+02  0.1066E+02  0.7364E+02  0.7664E+02  0.1199E+02  0.1247E+02  0.1741E+03  0.2820E+01
   0.1450E+02  0.1020E+02  0.7318E+02  0.8392E+02  0.1245E+02  0.1428E+02  0.1724E+03  0.2869E+01
   0.1475E+02  0.9729E+01  0.7319E+02  0.9181E+02  0.1305E+02  0.1637E+02  0.1711E+03  0.2919E+01
   0.1500E+02  0.9248E+01  0.7348E+02  0.9837E+02  0.1378E+02  0.1844E+02  0.1704E+03  0.2968E+01
   0.1525E+02  0.8778E+01  0.7377E+02  0.1016E+03  0.1457E+02  0.2007E+02  0.1705E+03  0.3018E+01
   0.1550E+02  0.8357E+01  0.7377E+02  0.1006E+03  0.1530E+02  0.2085E+02  0.1713E+03  0.3067E+01
   0.1575E+02  0.7991E+01  0.7346E+02  0.9904E+02  0.1593E+02  0.2147E+02  0.1723E+03  0.3117E+01
